0.000491531 0.00028193 9.60112e-05 5.23392e-05 0.000623829 0.000179479 0.000428266 0.000256294 0.000583666 6.32649e-05
5.13321e-05 0.000870479 0.000371288 0.000569872 0.00064391 0.000593554 0.000185949 0.000715171 0.000817042 0.000116398
0.000883236 0.000647908 0.000478347 0.000154057 0.000504227 0.000186529 0.000847011 0.0005262 0.000658742 0.000795251
0.000149937 0.000192969 4.27259e-05 0.00015598 0.000531327 0.000652272 0.000872311 0.000992279 0.000205786 0.000604175
0.00051442 0.000301248 0.000387555 0.000289499 9.64995e-05 0.000650166 2.56355e-05 0.000408551 0.000375866 0.000693716
0.000877377 2.57881e-05 0.000649678 0.000567949 0.000950774 0.000367473 0.000987762 0.000317942 0.000847621 0.000917936
0.000568468 1.44353e-05 3.78735e-05 0.000720878 0.000399701 0.000716361 0.000597125 0.000292306 0.000205603 0.000935392
0.000438093 5.05997e-05 0.000760704 0.000758538 0.000567766 0.000670827 0.000452528 0.000285409 0.000400769 0.000268746
0.000354045 0.000535905 0.000661092 0.000821589 0.000586993 0.000485122 0.000902493 0.000730888 0.000257637 0.000381207
0.000179601 0.00093466 0.000745811 3.02133e-06 0.000900784 0.000474258 0.000629048 1.30619e-05 0.000393292 0.00092288
2.24006e-05 6.27461e-05 0.000213294 0.000581256 0.000615772 0.000805536 0.000730827 0.000847682 0.00018955 0.000474837
2.15155e-05 0.000667562 0.000890286 0.00018247 0.00059621 0.000469832 4.69985e-05 0.000593982 0.000999756 0.000495468
-0.00089975 -0.000189983 0.00357195 0.00092523 -0.0175788 0.000400922 6.89413e-05 0.00454344 0.000203681 0.0143582
-0.00103409 0.000198304 0.00338954 0.000709586 -0.0171971 0.000712912 0.000779077 0.00442512 0.000671926 0.0141653
0.00096411 0.000171692 0.0030582 0.000629597 -0.00655541 0.000355327 0.000766961 0.00479915 0.000287759 0.000370403
6.50655e-05 0.000116423 0.00331007 0.000128513 -0.0063538 0.000269784 0.000623096 0.00396057 2.89926e-05 0.000224799
2.71615e-06 0.000922086 0.000857418 0.000113529 0.00023249 0.000492355 0.00052617 0.000493698 0.000356334 5.62761e-05
0.000842494 7.71203e-05 0.000338908 0.000919645 0.00078985 0.000710807 0.000747276 0.000557634 0.000913816 0.000344218
0.000473556 0.000571459 7.72423e-05 0.000889401 0.000780267 0.000678274 0.000115574 0.000379711 0.0004485 0.000390484
0.00042375 0.000333811 0.000311625 0.000540666 6.28681e-06 0.000730827 0.000954405 0.000308756 2.1363e-05 0.000502976
0.000859523 0.000907041 0.000350169 0.000952574 0.000782983 0.000579791 0.000223029 0.000998352 0.000638813 7.37938e-05
0.000433485 0.000658742 0.000674978 0.00023545 0.00017127 0.000677419 0.000221564 0.000891354 6.01215e-06 0.000697653
0.000792535 0.000668142 5.22477e-05 0.000891964 0.000822047 0.000908353 0.000847499 0.000452864 0.000817011 0.000337748
0.000974548 0.000851314 0.000206793 0.000641408 0.000958922 0.00026896 0.000671529 0.000603717 0.000473159 0.000110569
0.000229987 0.000969543 0.000378979 2.472e-06 0.000868801 0.000681997 0.000638417 0.000183996 0.000993469 0.000653676
0.000625568 0.00069747 0.000483505 0.000727195 0.000869839 0.000283212 0.000631794 0.000981353 0.000762078 0.000386364
0.000750267 3.95215e-05 0.000255013 0.000180548 0.000722678 0.000536027 8.88089e-05 1.59307e-05 0.000286081 0.000396893
0.000573595 0.00019718 0.000321879 9.17081e-05 0.000459487 0.000497757 0.000938078 0.000511887 0.000926176 0.00031666
0.000623524 0.000632557 0.00022248 0.000884274 0.00025605 0.000613758 0.000988067 0.000422926 0.000245094 0.000497269
0.000787408 0.000669332 0.000590381 0.000155553 0.000888455 0.000663808 0.000137852 0.000648762 0.00081637 0.000214179
0.000814386 0.000646168 0.000714072 0.000939116 0.000121708 6.85446e-05 4.04981e-05 0.000298135 0.000672109 0.000607227
0.000638264 0.000514115 4.55641e-05 0.000276406 0.000701346 0.000794427 0.000751091 0.000655202 0.000674764 0.000757622
0.000572375 0.000974914 0.000617084 0.00047084 0.000515677 0.000708548 5.67034e-05 5.40178e-06 0.000589312 -0.00186176
0.000874203 0.000915708 0.000350383 0.000319498 -0.000257294 0.000535971 0.000243049 0.000309458 0.000143773 -0.00383214
0.000766503 0.000131321 0.000534745 0.0007463 -0.00474835 -0.00468823 0.000622883 0.000907855 0.000515671 0.00791906
-0.000356101 0.000265023 0.00469303 0.000714255 -0.0173754 -0.00933911 0.00157973 -0.00320266 9.79644e-05 0.0119093
-0.000492424 0.00066625 0.00441406 0.000203742 -0.0224272 -0.00940228 0.00136778 0.0027505 0.00112883 0.0302122
0.000771908 -0.000446845 0.00344287 0.000528794 -0.0327651 -0.0105921 0.00635823 -0.00501328 -0.00426242 0.034578
-0.00220809 -0.00609134 -0.000658346 0.000454207 -0.0577007 -0.00415096 0.00707105 -0.0287622 -0.0229874 0.0548904
-0.00160626 0.000849554 -0.00118472 0.000592975 -0.0611209 -0.0166292 0.000293532 -0.0173943 -0.0162751 0.0381521
-0.00432846 -0.000178321 0.00836642 -0.00393489 -0.0691025 -0.00958014 0.000970412 -0.0106783 -0.00412128 0.0531629
-0.00951074 0.00769853 0.0142051 -0.00916874 -0.0561007 -0.00668837 -0.000120506 0.00927552 0.000292483 0.0224013
-0.00598619 -0.00100326 0.0124301 -0.0039038 -0.0421802 -0.000238218 0.00571645 -0.00207161 -7.35074e-05 0.0118219
-0.00394819 -0.00882538 0.0155377 -0.00959965 -0.0744545 -0.00617387 -0.00915735 0.0132589 -0.0144586 0.02276
-0.00327005 -0.0100182 0.00713782 -0.00551797 -0.0835412 -0.0107541 -0.0134834 0.00475606 -0.0136734 0.0573643
-0.00493902 -0.0113945 0.00887473 -0.00495126 -0.0615668 -0.00294072 -0.0148107 0.00912956 -0.0140904 0.0936688
-0.00164363 -0.00753682 0.00381295 -0.00428001 -0.0492321 0.00331454 -0.00155592 0.00622246 0.000377209 0.0884848
-0.00225246 -0.00796372 0.000157689 0.000864174 -0.0313703 0.00656473 0.0028505 -0.00861822 0.000946745 0.0466315
-0.00595025 -0.00365023 -0.000617465 3.64309e-05 -0.0270397 0.00644643 0.0022321 -0.00890322 -0.00922196 0.03727
-0.00331654 -0.00279435 0.000212058 0.00215124 -0.0105575 0.0061566 0.00479554 -0.00921493 -0.00965197 0.0125878
-0.00296176 0.000356438 -0.000340937 0.000225878 -0.0175766 -0.000508465 0.000524664 0.00425592 -0.00887487 0.0246974
-0.00302103 0.000803217 0.000698477 0.000526597 -0.0161308 -0.000823593 0.000414441 0.00400539 -0.00967251 0.01763
0.00091702 0.000467849 0.00087402 0.000543352 0.000179998 0.000911557 0.000565416 0.000239448 0.000267006 0.000665639
0.000634785 0.000905606 3.83923e-05 0.000864254 3.3723e-05 0.000124882 0.000930906 0.000139225 0.000540971 3.83312e-05
0.00059032 0.000846431 0.000708609 0.000630543 0.000639485 0.000887509 2.16071e-05 0.000376904 0.000361797 0.000783807
0.000301187 0.000158116 0.000582263 0.000158483 0.00088348 0.000848933 0.000526963 0.000282907 0.000605274 0.000486404
0.000942442 0.000843928 0.00012714 0.000425123 0.000255684 0.000588 0.000626179 0.000384472 5.71306e-05 0.000998718
0.000388653 0.000795099 0.000686239 0.000663289 0.000334727 0.000350108 0.000202643 0.000485488 5.768e-06 0.000168065
0.000522904 0.000399792 4.60524e-05 0.000473006 0.00114673 0.000744224 0.000709586 0.000198767 0.000258614 0.000444511
0.00105287 0.002298 0.000472488 0.00280082 -0.00410188 0.000592604 2.27668e-05 0.000172185 0.000108036 0.0048555
0.00100118 0.00560036 0.000790399 0.00392486 -0.00457205 0.00418296 0.000970977 -0.00323392 0.000954619 0.00737976
0.000624698 -0.00249271 0.000974211 0.00156657 -0.000238177 0.00430145 0.000976897 -0.00376705 0.000991211 0.0109125
-0.00279812 -0.00992291 0.000570743 4.28175e-05 -0.011933 -0.004837 -0.0135001 0.00166089 0.000191412 0.0139891
0.00176183 0.0055233 -0.00706616 -0.00251596 -0.0355645 -0.00851377 -0.000117114 0.00250384 -0.000536445 0.0165536
-0.000863712 0.00463113 0.00906043 -0.0071455 -0.0390381 -0.0199148 -0.012402 -0.00420354 0.00121369 0.033951
0.00178542 -0.0179849 -0.017995 -0.0188097 -0.0583238 -0.0301697 -0.0184163 0.064619 -0.010182 0.0424445
-0.0074639 -0.0315112 -0.0280152 -0.0305379 -0.121713 -0.0489816 -0.0407296 0.0141329 -0.0206524 0.0961306
-0.00270087 -0.0209238 0.0126049 -0.0372317 -0.158284 -0.0428829 -0.0467649 -0.018771 -0.0133806 0.0509455
-0.00573207 -0.0351506 0.0509777 -0.0595395 -0.179898 -0.0486821 -0.0488369 0.00111804 -0.0137432 0.0405857
-0.00911895 -0.00651796 0.0374763 -0.0831327 -0.221877 -0.0465838 -0.0306231 0.0179694 -0.0106836 0.0058763
-0.0156491 -0.0274037 0.0190604 -0.0886558 -0.211119 -0.0338683 -0.0476237 0.0147986 -0.0117123 0.0121635
-0.0173075 -0.056205 -0.0179883 -0.0807572 -0.199589 -0.0378629 -0.0570532 0.0273158 -0.0227891 0.0385024
-0.0391122 -0.0484261 -0.0678631 -0.0796859 -0.20468 -0.0143357 -0.0620008 0.0200907 -0.0383005 0.0322625
-0.0361738 -0.0411594 -0.111092 -0.0276283 -0.212164 0.0033106 -0.0777329 0.0296885 -0.0410848 -0.0596598
-0.0120297 -0.0401216 -0.0713345 -0.00347607 -0.155036 0.0138065 -0.0348561 -0.0718512 -0.0171555 -0.0194437
-0.00299158 -0.0123239 -0.0939351 -0.0343318 -0.172761 0.0293883 -0.0072413 -0.0632789 -0.0137827 0.00238029
-0.00709227 -0.00901806 -0.0550179 -0.0376704 -0.0877723 0.018616 -0.00941522 -0.0478688 -0.0102867 0.0176442
-0.00831324 -0.00978199 -0.044233 -0.0229624 -0.085948 0.00302244 -0.000257898 -0.0168137 -0.0108306 0.0181411
-0.00637029 -0.00185656 -0.041951 -0.00816737 -0.0706958 -0.0045301 -0.00058644 -0.0208284 -0.00953441 0.075323
-0.0070118 0.00455136 -0.00322037 0.00384851 -0.0344192 0.00364226 0.00745335 -0.00296575 -0.00940712 0.00564007
0.000948748 0.00157487 0.00262643 -0.00121765 -0.0100464 0.000499562 0.00925968 -0.00479823 0.000972564 -0.00408381
0.000713889 0.00119955 0.000359325 -0.00360253 0.00768618 0.000675405 0.000871491 0.0135106 0.000262215 -0.0238305
0.000525437 0.000135319 3.9491e-05 0.000603595 0.000147435 0.000109745 3.45775e-05 0.000544877 0.000498978 0.000663686
0.000142735 0.000123417 0.000415601 0.000873165 0.000888302 8.94192e-06 0.000659993 0.000634144 0.000531175 7.84326e-05
0.000131199 0.0001601 0.000198859 0.000145024 0.000302225 0.000794305 7.51671e-05 0.000517472 0.000167394 0.000292459
0.000176428 0.000795404 0.000480819 0.000232704 0.000747429 0.000807733 0.000566973 0.000708487 0.000807123 9.93377e-05
-0.00287677 0.000960936 0.000413226 0.000873318 0.00196957 0.000107181 0.00928488 0.00337283 0.00093527 -0.0102641
-0.00270604 -0.00564482 0.00024236 0.000892949 -0.00271404 0.000493371 0.00937244 0.00656679 0.000499466 0.00695692
-0.00132707 -0.00730812 0.00230032 0.00205059 -0.00506178 0.0037134 0.00046614 -0.0129102 5.63066e-05 0.0289568
-0.000492463 -0.00430765 -0.0014687 -0.00733818 0.00264076 0.00415971 -0.00940779 0.004934 0.000458541 0.0300648
0.00658846 -0.0112019 0.0249486 -0.0186929 -0.0327553 -0.00143745 -2.10811e-05 -0.024146 -0.0078827 -0.0134523
-0.000233013 -0.00886984 0.00923275 -0.0307565 -0.0660486 -0.0253846 -0.0186642 -0.0288717 -0.0115474 0.0562136
-0.0182639 -0.0537932 0.0714505 -0.0727976 -0.0544071 -0.0608776 -0.0776101 -0.0664177 -0.022267 0.0319877
-0.00144015 -0.0685141 0.0790787 -0.0808628 -0.113763 -0.109421 -0.0726436 -0.0481242 -0.0438709 0.0754619
-0.0162827 -0.0435502 0.0394479 -0.124641 -0.173984 -0.119448 -0.124324 0.0608808 -0.0530794 0.0417448
-0.0117475 -0.0167292 0.0793049 -0.152807 -0.220824 -0.140461 -0.158471 -0.100502 -0.0661749 0.0640841
-0.0173637 0.0163673 0.159286 -0.156534 -0.314434 -0.147033 -0.109268 -0.00938716 -0.0506422 0.0562612
-0.0359694 0.00619563 0.160705 -0.12289 -0.357837 -0.139422 -0.0947621 -0.0464035 -0.0605273 0.115475
-0.0111733 0.0248789 0.177272 -0.197588 -0.318947 -0.150061 -0.0542296 -0.0486072 -0.0593273 0.117793
-0.0296479 -0.0234448 0.129848 -0.142989 -0.185683 -0.151332 -0.148431 -0.0154004 -0.0534079 0.0282628
-0.0937656 -0.0195581 0.0644709 -0.10429 -0.192896 -0.12148 -0.1501 0.0562556 -0.0633556 -0.0294903
-0.0923976 0.0172932 -0.0393288 -0.0835657 -0.197316 -0.0961933 -0.271709 0.00248871 -0.0391908 0.0743118
-0.0779234 -0.0574578 -0.0637507 -0.049933 -0.201908 -0.0723458 -0.160386 0.0587696 -0.0247495 0.0179487
-0.0254087 -0.0384059 -0.20297 -0.0490199 -0.11691 -0.0198122 -0.127373 -0.0632413 -0.0290535 0.0422295
-0.0476075 0.00361875 -0.121873 -0.0578618 -0.10267 0.004728 -0.00854548 0.0708482 -0.0410258 -0.00429562
0.0185434 -0.0423459 -0.145954 -0.00831238 -0.0503743 -0.0313417 0.00796673 0.0751514 -0.0166979 0.0583098
0.0120467 -0.0343858 -0.14577 -0.00431213 -0.0282105 -0.0126148 0.00847829 0.0628415 -0.0107712 0.118003
0.0191972 0.018707 -0.0821094 0.0306714 -0.0477415 0.00980184 -0.0309728 -7.35856e-05 -0.00984048 0.136684
0.00664034 -0.0335139 -0.0441304 0.0212266 -0.00390799 0.0012355 -0.0130905 -0.0379499 0.000336161 0.0701762
-0.00576689 -0.0120117 -0.00726638 -0.011939 0.000451778 0.000855892 -0.0159683 -0.0105766 0.000467116 0.0251768
-0.000827686 -0.00921796 0.000320048 0.00636792 0.00281037 0.000751946 -0.00600819 -0.000202829 0.000265664 0.00340084
0.000577807 0.000103763 0.000442122 0.000418043 0.00079812 0.000392132 0.000934324 0.000254402 0.000195929 0.000940825
0.000673238 4.89517e-05 0.000280282 0.000777978 0.000408734 0.000548784 0.00032017 6.57369e-05 0.000246712 0.000159276
0.000429792 0.00097 -0.00499009 -0.000749942 0.000960173 0.000609973 0.000288125 0.000813623 0.000728751 0.000494644
-0.00531026 -0.000779739 0.00182682 0.000743305 0.00010831 0.000145909 0.00944126 -0.0020311 3.31431e-05 -0.0088937
-0.000502119 -0.0136674 0.00136403 0.0083877 0.00066321 -0.00442018 0.00911309 0.00297951 -0.000356279 0.00147607
0.00562001 -0.0245937 0.0580029 -0.00926653 0.0179802 -0.0019961 0.0123949 -0.00149683 -0.00973636 0.00290173
0.0193784 -0.0515513 0.0787451 -0.0295141 0.0193098 0.00401947 -0.0214941 -0.0101744 -0.013862 0.027009
0.0168772 -0.0303059 0.11581 -0.0523587 0.00255464 -0.0376191 -0.0356668 -0.0548869 -0.0117931 -0.0301023
-0.0635665 -0.0430874 0.161073 -0.119747 0.0153306 -0.0681239 -0.0146305 -0.0021413 -0.0346921 -0.0309518
-0.0187012 -0.137977 0.100498 -0.130879 0.0455801 -0.115252 -0.125712 -0.0291268 -0.0668687 -0.0273093
-0.0963599 -0.076275 0.0539278 -0.0942474 -0.0585846 -0.100687 -0.151211 0.0224522 -0.100213 -0.0312853
-0.11079 -0.0643611 0.0549997 -0.0655977 -0.0746615 -0.162894 -0.107246 -0.000935195 -0.119538 0.00763253
-0.0309129 -0.126922 0.0482652 -0.0580442 -0.173992 -0.158578 -0.0979813 0.0239441 -0.178454 -0.0551438
0.0201626 0.0307656 0.00759067 -0.181153 -0.0872015 -0.176447 -0.0925818 0.244477 -0.256665 -0.0981013
0.0321481 0.117569 0.0945266 -0.0770914 -0.140348 -0.221533 -0.131047 0.221577 -0.256128 -0.0585925
0.0469972 0.0495923 0.0959014 -0.127953 -0.151267 -0.246711 0.0275141 0.0242974 -0.276408 0.0283136
-0.0222269 -0.0555879 0.0331517 -0.0312536 -0.0627934 -0.228852 -0.0169642 0.0407196 -0.281564 -0.0966172
-0.00265294 -0.123715 0.0354858 0.0580799 -0.0451848 -0.162818 -0.048578 0.0254923 -0.313278 0.14263
-0.0840473 0.0260034 -0.0891963 0.0549898 -0.0475859 -0.0833477 0.0240081 0.0479058 -0.260096 0.0899624
-0.0744409 -0.0227776 -0.0712639 0.164587 -0.0536049 -0.0807919 0.0704124 0.015187 -0.180224 0.130573
-0.13773 -0.00986141 0.0209596 0.0530691 -0.0228417 -0.0729598 0.033135 0.0148131 -0.146266 0.170267
-0.0935301 -0.00622755 -0.131909 -0.0143524 -0.0369598 0.00699707 -0.0297816 0.052428 -0.125806 0.153159
-0.0132367 0.00734606 -0.14868 -0.00878303 0.0527024 0.0566136 0.0186343 0.0485945 -0.105312 0.102252
0.049675 -0.0926449 -0.199532 0.0455363 0.0319484 0.0088883 0.0634744 0.00332075 -0.0565794 0.118957
0.0413377 0.00727269 -0.189061 0.153261 0.0405305 0.0214653 0.0453802 -0.0530852 -0.033211 0.103393
0.0684544 -0.103799 -0.103429 0.0820152 0.0156582 0.0229614 -0.0248896 -0.125879 -0.018583 0.047527
0.0292133 -0.0561173 -0.0170749 0.0411764 -0.0283989 0.0128412 -0.0812763 -0.0255903 -0.000881019 0.00957687
-0.00430867 -0.0261923 2.74667e-07 0.00684718 -0.00102065 -0.00190106 -0.0128146 -0.00409831 -0.00469224 0.00239915
-0.000683951 0.000152989 0.00027781 0.00209937 -0.0107751 0.000402997 -0.00461972 -0.000455402 0.000727073 0.0122647
2.02948e-05 0.000698172 0.000179418 0.000786431 0.000527451 0.000975341 4.80972e-05 0.000792901 0.000531816 0.000306742
0.000772057 0.000210486 0.000278237 0.000767205 0.000199744 0.000775597 0.000212226 0.000555681 0.000627277 0.000420698
-0.00331277 -0.000279682 0.00463704 0.00195264 0.00057838 -0.00189922 0.00987837 -0.00199336 0.000927946 -0.00931787
-0.00552749 -0.0130279 0.0141696 0.00748934 0.00456478 -0.0196465 0.0154993 0.024274 -0.00623671 -0.00686941
0.00511657 -0.0329705 0.10161 -0.0466816 0.025359 -0.0148382 0.00276576 0.0411493 -0.0303998 -0.0166727
-0.066258 -0.0484963 0.155246 -0.0952883 0.0092726 0.0497403 -0.00760248 0.123289 -0.0337172 0.0314746
-0.0462734 -0.0947363 0.10652 -0.0548602 0.00557905 0.0297687 -0.0335965 -0.0111804 -0.0416118 -0.0489591
-0.117251 -0.105182 -0.0141845 -0.104528 0.0326577 -0.0244495 -0.0501742 -0.0648381 -0.071762 0.06949
-0.0171861 -0.171644 0.0392203 -0.11002 0.0948271 -0.0128631 -0.198417 -0.0799493 -0.062581 -0.103679
0.00447991 -0.0486244 -0.0843783 -0.124814 0.0268394 0.00726514 -0.180369 0.00242306 -0.147483 -0.0426037
0.0662298 -0.0651571 -0.153575 -0.0448773 -0.0381795 -0.0935252 -0.178422 0.125325 -0.185853 -0.112209
0.192184 -0.135217 -0.0754498 -0.12537 -0.0675468 -0.0718819 -0.0920829 -0.0140539 -0.197168 0.0151209
0.119763 -0.00762087 -0.0325038 -0.14463 -0.100341 -0.0295319 -0.133187 0.148224 -0.246911 -0.00154901
-0.0617181 -0.0434272 0.054426 -0.0594707 -0.134307 -0.26744 -0.163134 0.252268 -0.515964 -0.0860732
0.00306681 0.138039 -0.025087 -0.143555 -0.138151 -0.562442 -0.0238804 0.143081 -0.617056 -0.102174
0.115132 0.0354855 -0.00289945 -0.238867 -0.238364 -0.548785 -0.0905342 -0.0146338 -0.723072 -0.0778896
-0.0222036 0.080784 -0.0703782 -0.231572 -0.150823 -0.302618 -0.180391 0.020882 -0.68425 0.00624876
-0.100371 0.098546 -0.0487052 -0.107727 -0.130568 -0.0838372 -0.0464493 -0.10216 -0.45661 -0.0424731
0.0325689 -0.0180465 -0.0909657 0.0128817 -0.0652004 -0.0170151 0.0293447 0.118903 -0.46306 -0.209637
-0.0556689 0.0474113 -0.00760042 0.0618167 -0.158282 -0.0648258 0.0699576 0.0944338 -0.439062 0.0650128
-0.041175 0.00470433 -0.0963988 -0.140983 -0.129806 0.0620615 0.0768725 -0.0682892 -0.255317 -0.0169444
-0.0369739 -0.0418669 -0.0405664 0.0630591 0.0779459 0.232074 0.0377655 -0.153489 -0.306626 0.0731491
-0.0785232 -0.000669423 -0.188864 0.0298596 0.0556245 0.294754 0.0894745 -0.0406218 -0.235579 0.0703034
-0.0287604 -0.0258399 -0.30283 0.0324235 0.142356 0.253143 0.135376 -0.111877 -0.186378 0.102016
-0.0947751 -0.127174 -0.202374 0.0769922 0.0297961 0.208653 0.0330466 -0.119182 -0.103894 0.0401161
-0.0668767 -0.133505 -0.0556814 0.0122557 0.0438243 0.118287 -0.0438243 -0.0214493 -0.0594319 0.0256138
-0.015547 -0.0281302 -0.00613854 0.0263831 0.0114663 -0.00477207 -0.0114386 0.000199361 -0.0182008 0.000183144
0.000747675 -0.00921604 0.000452254 0.0128525 -0.00227122 -0.00191015 -0.00422627 -0.000268615 8.652e-05 0.0124868
0.00038551 0.000636341 0.000806543 0.000951476 0.000780084 0.000314158 0.000721854 0.000759392 0.000493545 0.000365368
0.000182684 0.00096527 0.00895418 0.0053792 0.00781195 0.000921171 0.000516984 0.000319559 -0.0148697 0.000864406
-0.00437205 -0.000469071 0.000202068 -0.000928279 0.00653615 0.00286705 -0.00403756 -0.0158663 -0.0156302 0.00679534
-0.0230006 0.00734717 0.0546119 -0.0194351 0.00432488 -0.00926554 -0.01618 -0.0242766 0.00533316 -0.012096
-0.0339926 -0.0255161 0.0947486 -0.0279042 0.0459853 0.0403189 -0.0301011 -0.0213826 -0.00930026 -0.0177981
-0.0490158 -0.0416886 0.0828536 -0.142758 0.0157707 0.198833 -0.0567588 0.0394256 -0.111032 -0.032568
-0.0979955 -0.0417191 -0.038496 -0.158669 -0.0578687 0.241689 -0.0922057 0.0116167 -0.114619 0.0186033
0.0147816 -0.0572879 -0.0843851 -0.0729613 -0.0486981 0.195778 -0.142124 -0.113471 -0.128326 0.0434351
0.0366186 -0.128475 0.0142624 0.0455933 -0.0726956 0.190745 -0.229371 0.0921991 -0.00158334 -0.103857
0.0979422 -0.0851406 -0.0750211 -0.0328308 -0.191292 0.309915 -0.229675 0.0148864 -0.080032 0.00103354
-0.0670918 -0.128946 0.0669678 0.0822496 -0.074118 0.151087 -0.131972 0.0335971 -0.0501308 -0.114939
0.0809482 -0.0364663 -0.0196095 -0.00832796 0.0179075 0.0492999 -0.200866 -0.0975451 0.108314 0.0313587
0.0306933 -0.0599691 0.0956365 -0.0319449 -0.152775 2.07496e-05 -0.0509297 0.0650547 0.103627 -0.011476
0.0160585 0.0011076 0.0421663 -0.14011 0.0226885 -0.166715 -0.0291964 0.275263 0.202146 0.0192102
0.0262091 -0.104511 -0.19473 -0.181762 -0.0838032 -0.454074 -0.0613557 0.0384956 0.109633 -0.232863
0.0166674 0.0764958 -0.0871661 -0.221737 -0.129121 -0.785054 -0.11534 -0.0427335 0.276043 -0.194469
0.160413 0.139339 -0.171554 -0.123027 -0.112401 -0.333237 -0.137075 -0.0282954 0.251435 0.0265179
0.0385542 0.112718 -0.0540679 0.0692235 -0.0534568 -0.0154858 0.103974 -0.116593 0.0400795 0.0950536
0.120931 0.0349413 -0.0165672 -0.00244137 0.0111264 0.161765 -0.054138 0.0661577 0.089852 -0.030578
0.112747 -0.0582142 -0.087217 -0.0122624 -0.0151244 0.0764617 0.0357789 -0.0208107 0.060386 0.0192924
0.0776224 -0.042314 -0.115089 0.0213656 -0.0208584 0.0933993 -0.00466426 -0.00240688 -0.107537 0.0251888
-0.0633527 -0.00166931 -0.0892563 -0.10343 0.0926877 0.191592 -0.0235369 -0.0633323 -0.148849 0.0151073
0.06376 0.0530282 -0.0565116 0.00990009 0.0952358 0.291309 -0.00835085 -0.0969295 -0.22081 0.0234802
0.125422 -0.018553 -0.219646 -0.0224996 0.219835 0.346735 0.0617017 -0.130455 -0.305509 -0.0882248
0.0149706 -0.196232 -0.272032 0.0202814 0.148478 0.281238 0.00439617 -0.116627 -0.308599 -0.00679947
-0.0142702 -0.264271 -0.0941199 0.142616 0.0492524 0.183101 -0.0999663 -0.0209697 -0.199183 -0.0580012
0.0150823 -0.0945173 0.000238934 0.0789315 0.0118232 0.0134806 0.00321577 0.0105494 -0.0319171 -0.0254233
0.0217605 -0.00883779 -0.00844407 0.0304685 -0.00427617 -0.000548296 0.00636588 -0.00625496 -0.00909954 0.00325679
-0.00209456 0.00047911 -0.000101933 -0.00202543 0.000313364 0.00282074 0.00151573 0.000225043 0.00280085 9.76592e-06
-0.0152137 0.000329325 0.023888 -0.00151144 0.00790659 0.00957776 -0.0028225 -0.00414243 0.0130839 0.000197455
-0.0101162 0.0032797 -0.00439358 -0.0104347 0.0117036 0.0258415 0.000244219 -0.0302645 0.0307092 -0.00183881
-0.0610122 0.0130542 0.0248124 -0.0254473 -0.00262402 0.0557086 -0.0217856 0.00601154 0.00298058 -0.0087831
-0.0187294 -0.0168412 0.199727 -0.134697 -0.00565466 0.0114006 -0.039487 0.0454962 0.0168237 -0.0137454
-0.0161164 0.0168033 0.0469732 -0.249403 -0.123975 0.0990683 -0.0784598 0.0584777 -0.118804 -0.0415308
-0.0203608 0.000827249 -0.0470992 -0.159268 -0.181723 0.0764782 -0.130635 -0.000827241 0.025277 0.0167516
0.044117 -0.0584351 -0.160447 -0.11669 -0.198912 0.0278842 -0.200052 0.0431076 -0.0513954 -0.0922327
0.0269038 -0.0890653 -0.00930636 0.0478647 -0.187032 0.239865 -0.26654 -0.0356869 -0.0585961 -0.118633
-0.035321 0.015594 0.0725917 -6.63686e-06 -0.224009 0.123607 -0.193264 -0.152347 -0.0333832 -0.12167
0.0196956 -0.063411 -0.0523587 -0.126384 -0.206104 0.0294339 -0.113046 0.0498363 0.0414478 -0.207204
-0.0369801 -0.00258375 -0.0267228 -0.0355759 -0.0768675 0.0685943 0.0101076 0.0671284 -0.0182838 -0.0633046
0.00806903 0.0834485 -0.018992 -0.116176 -0.115595 -0.111241 0.0265072 0.142375 0.017246 -0.139476
-0.00726012 -0.0633851 0.0141205 -0.137628 -0.0331711 -0.123525 0.0279634 0.0187787 0.24089 -0.259333
-0.134259 0.0137898 -0.0319532 -0.101349 -0.000668651 -0.185422 0.0643435 0.11548 0.245539 -0.168192
0.0657058 0.110638 0.0852014 -0.138464 0.0159027 -0.579781 -0.0498804 -0.133131 0.39498 -0.160765
-0.0214512 -0.0147835 -0.160805 0.00653808 0.0579779 -0.297143 -0.118005 -0.107481 0.206687 -0.198432
0.1067 0.0888485 -0.0325441 -0.0408228 0.0250185 -0.0858793 -0.0758932 0.0150915 0.0573709 -0.194402
-0.040578 0.0839863 3.4152e-05 0.0958021 -0.152914 -0.0292886 -0.00559687 -0.0909304 0.0539737 -0.185922
0.00886731 0.195503 -0.169763 0.22028 -0.26653 0.0270656 -0.0824262 -0.0905806 -0.0489967 -0.080571
0.0915728 -0.120467 -0.0470247 0.151637 -0.0671543 0.053421 -0.138978 -0.0300318 -0.110801 -0.151592
0.0173848 0.00309023 0.0398488 -0.132965 -0.147123 0.112396 -0.00571184 0.00877199 -0.0746922 -0.178933
0.0845671 0.0180544 -0.0682341 0.124026 -0.0878536 0.259853 0.022182 0.101685 -0.0336075 -0.195869
0.164414 0.0738894 -0.218761 0.0233071 0.0429024 0.398078 0.0114401 -0.20864 -0.0964614 -0.209735
0.157837 -0.147025 -0.34759 0.169177 -0.0154877 0.404207 -0.117147 -0.203746 -0.247249 -0.148764
-0.0518401 -0.182024 -0.12367 0.070643 0.0250623 0.257156 -0.111733 -0.0414346 -0.211368 -0.0689802
0.00967518 -0.124812 -0.00508392 0.0605239 -0.00831847 0.0650884 -0.00319133 0.0217232 -0.0774534 -0.0156567
0.0233214 -0.000314404 -0.00900851 0.0211696 -0.00935207 0.00134041 -7.75821e-06 -0.00619427 -0.00843545 0.00430089
-0.00129342 0.000800317 -0.000445938 -0.00123101 0.000779656 0.000767404 0.00162422 0.000676473 -0.00447759 0.000204749
-0.0185661 -0.000509924 0.0103729 0.00389356 -0.0134083 0.0109448 -0.00951704 0.0030036 0.0217234 0.00076635
-0.0217221 0.00682044 -0.00458328 -0.0197915 -0.0293282 -0.00546898 0.00170379 0.0132383 0.060321 -0.0054147
-0.0883767 0.022665 0.0547551 -0.0635078 -0.0645309 -0.00927452 -0.0137513 0.0554795 0.0720581 -0.0629687
-0.0183956 -0.0434849 0.154302 -0.170757 -0.0812356 -0.0142834 -0.0501224 0.119532 -0.0363544 -0.0527015
0.0403972 -0.09431 0.0585356 -0.236289 -0.224013 0.0172354 -0.0996384 0.109806 -0.0499442 -0.061976
-0.032509 -0.10515 0.0683298 -0.199503 -0.241669 0.0657646 -0.158141 -0.016748 0.0951441 0.00666235
-0.0419037 0.0303339 -0.0703593 -0.0902562 -0.282212 0.084117 -0.128885 0.0672245 -0.03916 -0.114158
0.0598132 -0.0651547 -0.041238 0.0193826 -0.120816 0.0110792 -0.256516 0.101854 -0.0448168 -0.0335033
0.00137995 -0.0425233 -0.0486752 -0.00930032 -0.226411 0.257129 -0.109514 0.0987402 -0.0392452 -0.00818897
0.0357113 -0.0368294 -0.0772971 -0.0615324 -0.225404 0.0295332 -0.0249766 0.0636158 -0.109937 -0.0422879
0.00947258 -0.0742509 -0.183881 -0.0576223 -0.198532 0.159935 -0.0460978 0.114695 -0.0943494 -0.137878
-0.00322844 -0.0465453 -0.148058 -0.123971 -0.163483 0.0390762 -0.0588516 0.0507381 0.167171 -0.161483
0.0523958 -0.0267541 0.106818 -0.0871631 -0.199694 0.0133267 0.0255334 0.114108 0.289886 -0.085453
0.0267696 0.0549986 0.0953319 -0.063912 -0.142102 -0.287999 -0.129946 0.094807 0.325322 -0.209325
0.0312099 0.00678511 0.132407 -0.162696 -0.0659206 -0.354642 -0.163346 -0.0621338 0.300346 -0.047451
0.0445009 0.0628756 0.0513924 -0.0948862 -0.0114545 -0.0715303 0.0212727 0.0614656 0.298914 -0.206234
-0.0109096 0.076933 -0.0574461 -0.146656 -0.0477416 -0.125123 -0.0261395 -0.0134207 0.343733 -0.191913
0.0768802 0.073316 -0.017025 0.0686311 -0.0159519 0.024074 0.0400288 0.00448277 -0.0191612 -0.110617
0.104584 -0.0122793 -0.04421 -0.0684902 -0.129117 0.033311 -0.0127252 -0.0418698 -0.0423704 -0.206922
0.0778287 0.0349501 -0.126843 -0.0411976 -0.280753 0.186528 -0.0848905 -0.0658678 0.0682152 -0.162353
-0.019373 0.0272396 -0.0377189 -0.0276026 -0.0531052 0.0515352 -0.103685 -0.0739483 0.0196719 -0.11923
0.152928 0.0433682 -0.0830551 0.0447725 0.0290788 0.248204 -0.0294359 0.0236498 0.0214622 -0.230123
0.158859 0.0303893 -0.305049 0.0923131 -0.175748 0.244039 -0.0700289 -0.223306 0.0249213 -0.249522
0.2097 0.00279439 -0.447615 0.289895 -0.0462993 0.315172 -0.082247 -0.213493 -0.231195 -0.225071
0.109735 -0.216253 -0.1672 0.215342 0.00986649 0.138336 -0.131583 -0.0997746 -0.219501 -0.107867
0.059512 -0.102211 -0.0372379 0.0710053 0.010949 0.0292761 -0.0341566 0.0161803 -0.0844616 -0.0398527
0.00396169 -0.00708777 0.000787591 0.0199293 -0.00920586 -0.00545184 -0.00583651 -0.000783301 -0.00605414 0.00179711
-0.00401022 0.000127903 -0.00459815 -0.00125261 0.000442122 0.00858352 0.00198181 0.000979186 0.00245746 0.000576342
-0.0125671 -0.00137469 0.00611416 -0.00216561 -0.0290498 0.01833 0.00636064 -0.00311409 0.0091839 0.000529109
-0.0290109 -0.00549759 0.0247762 -0.0153346 -0.0580394 -0.00757239 -0.00410099 0.0160181 0.0566083 -0.018021
-0.124772 -0.00312865 0.0675133 -0.0519929 -0.11704 0.125717 -0.0162078 0.0220365 0.0729309 -0.0602222
0.00302014 -0.0335397 0.141782 -0.205722 -0.132584 0.0560138 -0.0767262 0.0878633 -0.0316235 -0.111469
0.0267928 0.0484559 0.103694 -0.316022 -0.174697 0.0316078 -0.115723 0.102409 0.0224051 -0.143744
-0.0633455 -0.0374909 0.17919 -0.200774 -0.126817 0.091851 -0.162204 0.182615 -0.0581348 -0.184049
-0.131967 -0.00738003 0.0526741 0.0105198 -0.0223175 0.138217 -0.160478 -0.00723778 -0.000540685 -0.154109
0.0233113 -0.048067 0.0308647 0.040766 -0.0994411 0.184129 -0.140971 0.0931033 -0.0848331 0.00365166
-0.014271 0.0164371 0.0483811 0.143787 -0.0215689 0.165536 0.0271955 0.129423 -0.0136664 -0.0138988
-0.0380972 -0.069765 -0.196619 0.0071539 -0.224253 -0.0472768 -0.00274844 0.0933445 0.179437 -0.0501162
-0.0467837 -0.0384316 -0.4006 -0.0772882 -0.0110608 0.111104 -0.0188319 0.186368 0.0854023 -0.0546079
0.15438 0.118724 -0.263442 -0.0116288 -0.0153682 0.250231 -0.17179 -0.150954 0.0607518 -0.0382709
0.0266739 -0.0393681 -0.0771252 -0.0806976 -0.187132 0.260156 0.0496829 -0.00830459 0.101798 0.0422912
-0.0140611 -0.0699441 0.174143 -0.0795735 -0.204863 -0.0201606 0.108406 0.0111884 0.143455 -0.00435413
-0.108756 0.0398976 0.186014 -0.439751 -0.0903513 0.115313 -0.0460511 0.0732241 0.118203 -0.2282
-0.104495 0.0612756 0.0128159 -0.344545 -0.160778 0.287692 -0.0660988 0.0842838 0.243826 0.0116433
0.0146975 0.113451 0.0444791 -0.425016 -0.0530789 0.258761 -0.0379371 -0.0753328 0.136947 -0.133482
-0.056433 0.140248 -0.0624942 -0.375318 0.0701211 0.191458 -0.246701 0.0211421 0.00632323 -0.212477
0.0228402 0.133106 0.0783864 -0.133884 0.111501 0.0952946 -0.085271 -0.056187 -0.0240659 -0.27987
0.103926 0.142204 -0.0880872 -0.0191416 -0.0699218 0.171987 -0.113693 -0.0430726 -0.0799309 -0.091831
0.0388699 -0.00229861 0.023614 -0.00803831 -0.0652999 0.16164 -0.0592571 -0.14145 -0.0504792 -0.0812048
0.102391 -0.0106912 -0.0223499 0.068476 -0.0751939 0.0601408 -0.022902 -0.0763045 0.00205044 -0.171226
-0.0264461 0.102222 -0.349646 0.186202 -0.0489317 0.0894496 -0.0526762 -0.102296 0.0196145 -0.337336
0.0559859 0.012824 -0.38409 0.42997 -0.111199 0.100854 -0.0708134 -0.232932 -0.194065 -0.252446
0.0636721 -0.251241 -0.167836 0.556944 -0.0230063 0.0401917 -0.0710648 0.0112808 -0.128623 -0.202019
-0.0105701 -0.132921 -0.0332697 0.210043 -0.00690887 -0.0238126 -0.0363429 0.0205151 -0.0283568 -0.0994638
-0.0126116 -0.0123014 1.6419e-05 0.0404306 -0.0144691 -0.00618978 0.0243461 0.00986896 0.00973955 -0.0130597
-0.00120446 6.52486e-05 -0.0031929 0.000476028 0.000905454 0.00703561 0.000949248 0.000655141 0.000901923 0.000907926
-0.0120784 -0.00128073 0.0070403 -0.0111836 -0.0294695 0.0251582 0.0126641 -0.0014949 0.00522604 0.00020717
-0.0265635 -0.00992979 0.0510367 -0.0238373 -0.0770955 0.0160642 -0.00922803 -0.0124805 0.0327401 -0.00486973
-0.119629 -0.00407107 0.122525 -0.0923584 -0.11786 0.146339 0.00530682 -0.0184513 0.0325354 -0.0715936
-0.0849552 -0.0623259 0.160175 -0.0900305 -0.133525 0.0111977 -0.0250138 -0.0501857 0.0215889 -0.129015
0.0120786 -0.0196301 0.104733 -0.0868572 -0.026739 0.0122402 -0.0813999 0.044871 0.0998368 -0.123254
0.00756188 0.0193735 -0.00614751 -0.0418306 0.0324139 -0.0663867 -0.168358 0.0935627 0.0824669 -0.142551
-0.0748863 0.030504 -0.0995703 0.0594557 0.0615683 -0.110055 -0.103026 0.106936 0.0148487 -0.0953902
0.0586838 -0.086261 -0.082975 0.11307 0.0197198 -0.190184 -0.061533 0.284203 0.111041 -0.117111
-0.0315948 -0.130165 -0.231563 0.0167895 -0.0498646 0.0352908 -0.0440189 0.235446 0.0372265 -0.114369
-0.00632223 -0.172844 -0.458829 0.0623247 -0.17379 0.0838412 0.00436697 0.130738 0.0511033 -0.156661
-0.141549 -0.0660239 -0.153206 0.00882262 0.0427213 0.128044 0.0911918 -0.087864 0.0950943 -0.0444399
0.0508437 -0.0881279 -0.0207255 0.143562 -0.177174 0.294373 -0.0309274 -0.0711725 0.0378053 0.0411356
0.132857 -0.0709652 -0.0981773 -0.00832662 -0.279478 0.0772395 0.0100302 -0.122646 0.220244 -0.146205
0.0632609 -0.0542178 0.0713703 -0.0325226 -0.312198 -0.163655 0.0777404 -0.00130641 0.0228499 -0.0460227
-0.0324122 -0.0358289 0.0133158 -0.214085 -0.239777 -0.0268084 -0.0299164 -0.0502581 0.117777 -0.169056
-0.0995892 0.0198585 -0.015202 -0.310603 -0.121545 0.107544 -0.103574 -0.00734859 0.0473763 -0.042773
-0.17277 0.00498152 -0.132339 -0.263785 -0.208393 0.249811 -0.133239 -0.137469 0.106962 -0.196486
0.103468 0.0892083 -0.0641225 -0.14248 -0.0407033 0.274078 -0.13467 0.0326117 0.132732 -0.111275
-0.073447 0.202775 0.0345722 -0.249235 -0.0705588 0.0729309 0.103445 0.0888957 0.0587998 -0.0246879
-0.0700867 0.168455 0.121333 -0.221829 -0.0177097 0.0577705 -0.0842391 0.114224 0.125856 0.0487866
0.0149431 0.122865 0.101678 -0.0926743 -0.100148 -0.140345 -0.0519355 -0.026681 0.198246 0.000224646
0.0466904 -0.0482271 0.124064 -0.00427345 -0.0217736 -0.0968212 0.0395303 -0.00743815 0.129116 -0.0542584
0.0312184 0.0930878 -0.303336 0.0420913 -0.1181 -0.18936 -0.0293098 -0.0955652 0.0571333 -0.188354
0.17094 -0.012702 -0.295171 0.317866 -0.223331 -0.0908813 -0.0777558 -0.0932884 -0.051872 -0.146203
-0.0188306 -0.249602 -0.086695 0.457461 -0.054188 0.0186811 -0.0710093 -0.00143058 -0.0620023 -0.238151
-0.0281632 -0.123684 -0.0167916 0.151201 -0.0121674 -0.00206539 -0.0165622 0.0378924 -0.0233621 -0.096974
-0.00501929 0.000775368 0.000816675 0.0289048 -0.0151337 2.51229e-05 0.0171633 0.0154543 0.0069156 -0.017711
-0.00164668 0.000537095 -0.00409039 0.000325297 0.000471145 0.00707579 0.000400891 0.000284951 0.00187095 0.000761315
-0.0106335 0.00220029 0.00641314 -0.0109679 -0.0417736 0.0597571 0.00086393 0.00451162 0.00154743 0.000860286
-0.0255352 -0.00670758 0.036953 -0.0388205 -0.108605 0.0499324 0.00566522 -0.00988853 0.0368598 -0.0124743
-0.118795 -0.0357366 0.0825599 -0.0624529 -0.140854 0.18383 -0.00652879 -0.0857729 0.0296963 -0.0668592
-0.0100647 -0.0736493 -0.0214903 -0.0257652 -0.0972609 0.146239 -0.0189029 -0.187673 0.00728158 -0.130075
0.0452877 0.0264319 -0.0328063 -0.0759828 -0.00778501 -0.0203303 -0.0644363 -0.105767 0.0380032 -0.12276
-0.0010678 -0.0136154 -0.175101 0.0532696 0.00423625 -0.0117226 -0.126357 -0.160528 0.0847935 -0.0560311
0.0756113 -0.0569326 -0.186931 0.0172192 -0.0496397 -0.0947916 -0.0787566 -0.175898 0.124917 -0.0216287
0.0131965 -0.116738 -0.246864 0.0253747 -0.00986021 -0.148033 -0.0202797 0.038034 0.0479398 -0.0389286
0.0428533 -0.117554 -0.171798 -0.124543 0.0159114 0.0600997 0.151562 -0.269223 -0.0145707 -0.0370028
-0.024257 -0.150181 -0.0716788 0.0569801 0.0728422 0.107666 0.115957 -0.291059 0.018519 -0.0484105
0.0126554 -0.148996 -0.128866 0.022923 0.0658152 -0.011886 0.041747 -0.472034 -0.00150682 0.0284464
0.0999401 0.0277496 -0.161966 0.210458 0.035363 0.145367 0.0149781 -0.56827 0.0585147 0.0155969
0.204197 -0.0653867 -0.0644121 0.19299 -0.380805 -0.0387182 -0.0263947 -0.386626 0.124958 -0.0408427
0.189924 -0.139196 0.184226 -0.00550435 -0.450624 -0.300232 0.178033 -0.129246 0.120392 -0.063144
0.192333 -0.276818 -0.0652691 -0.0607432 -0.0985304 -0.018602 -0.00751494 0.0527457 0.203448 -0.0925296
-0.0613915 -0.108498 -0.00305789 -0.172973 -0.104925 0.11305 0.0508664 -0.209629 0.0903051 -0.0574138
-0.0678123 -0.0646561 -0.011009 -0.226529 -0.0811129 0.313438 -0.0579422 -0.0412571 0.106187 0.0212372
-0.142748 -0.0824902 -0.10602 -0.177669 -0.0957335 0.00335535 0.00811021 0.0608364 0.258048 0.033197
-0.0920339 0.0828986 -0.121149 -0.345225 0.0346585 -0.270532 0.161208 0.139691 0.3123 -0.105416
-0.0662808 0.0669123 0.089766 -0.552278 0.102309 -0.0987613 0.099557 -0.164606 0.324667 0.034296
-0.0551957 0.234733 -0.00102157 -0.591784 0.0365277 -0.0933569 0.0906127 0.0477461 0.126995 0.0589417
0.0459042 0.150581 -0.167336 -0.656855 0.10132 -0.205927 0.091439 -0.144583 0.173768 0.0780484
0.0292057 0.145409 -0.256744 -0.401232 -0.0965597 -0.120597 -0.037975 0.00938298 0.183409 0.0391762
-0.0373056 0.0805839 -0.142095 -0.00799981 -0.160047 -0.206131 -0.0310013 -0.0417999 -0.00170919 -0.0307421
-0.00922691 -0.0788837 -0.0340701 0.20273 -0.0399386 -0.0267205 -0.0294431 0.0351609 -0.0243746 -0.103316
0.0124962 -0.117726 -0.00795692 0.161872 -0.0407901 -0.010947 0.000907737 0.0177388 -0.0195235 -0.0667598
0.0152813 -0.0020561 0.00071725 0.0131306 -0.0163349 2.05695e-05 0.00987031 0.0134817 -0.00720522 -0.00575522
0.000400769 0.00016068 0.000191865 0.000486709 0.000118137 0.0129697 0.0007781 3.54015e-05 -0.00592366 0.000222846
-0.00457456 0.0063169 0.000969289 -0.0223797 -0.0655601 0.052934 0.000658712 0.00149125 0.0330246 -9.39115e-05
-0.0113965 -0.00366014 0.0198115 -0.0431429 -0.0884033 0.102644 -0.00779255 -0.00594931 0.020871 -0.0111371
-0.0864465 -0.0364813 0.0153871 -0.0585185 -0.0765383 0.174758 0.00026031 -0.124236 0.0628661 -0.0510622
-0.0756455 -0.0881751 -0.096744 -0.0118462 -0.00187993 0.168573 -0.0190178 -0.262678 0.044703 -0.179524
0.0815994 0.0459343 -0.214411 0.0939959 0.131613 0.0947481 -0.0574595 -0.47253 0.0528411 -0.137096
0.0259032 -0.028863 -0.281948 -0.0244331 0.0558871 0.0736787 -0.0571638 -0.587627 0.16282 0.0596047
0.0421898 0.0103108 -0.280143 -0.0713223 0.0911582 -0.0614103 0.030575 -0.717285 0.173816 0.0129092
0.0901157 -0.0720613 -0.0642939 -0.0951611 0.0540348 -0.185467 0.104494 -0.820477 0.185157 -0.00604599
-0.0220113 0.0447933 -0.144591 -0.124828 0.0232606 0.0585997 0.198921 -0.664774 0.144781 -0.0310472
-0.0532162 0.0674356 -0.0443304 0.210038 0.184083 0.0384432 -0.0513992 -0.774896 0.124339 -0.119594
-0.160218 0.00911886 -0.0176722 0.222763 0.0253812 0.264456 -0.158108 -0.616474 0.0730006 -0.0986832
0.0888999 -0.0298667 -0.200628 0.0588269 0.123162 0.287033 -0.0142399 -0.438604 -0.218552 0.000529022
0.184431 0.0437564 0.106424 0.0795245 0.10584 -0.254504 -0.000211693 -0.338191 -0.13925 0.0796177
0.0559483 -0.145424 0.0955448 0.139942 0.0890337 -0.414806 0.395817 -0.217599 0.140832 -0.0233405
0.0432988 -0.498069 0.0821089 -0.0549269 0.133779 0.163964 0.0942378 -0.332902 0.131635 0.0371071
-0.0303553 -0.47686 -0.119571 -0.159088 -0.0573854 0.080672 0.0100599 -0.12655 -0.0209844 0.0632269
-0.115266 -0.0468569 -0.162683 -0.292157 0.0358413 0.246935 0.0104938 -0.234018 0.282331 0.00304114
-0.0223531 -0.0309924 -0.124062 -0.238746 -0.191774 -0.0162367 0.0544361 0.000112885 0.346026 -0.077567
-0.0086432 -0.025542 -0.255074 -0.217837 -0.0449456 -0.168507 0.255198 -0.041332 0.0788718 -0.00916284
-0.0504918 -0.0429925 -0.134486 -0.323859 0.0523522 -0.201277 0.165838 -0.00735246 0.0909253 0.0466563
0.0176192 -0.0394767 -0.226489 -0.448102 -0.00724684 -0.207905 0.113488 0.0725039 0.169427 0.0693249
0.018663 0.169898 -0.311557 -0.623546 -0.037674 -0.165153 0.0397388 0.0191828 0.0657266 0.0138592
0.050222 0.170877 -0.253911 -0.600925 -0.161713 -0.138376 -0.0228521 -0.102184 0.0669822 0.171513
0.095174 0.220308 -0.0767859 -0.389592 -0.185049 -0.166104 -0.08367 0.0306564 -0.124989 0.0537191
0.038479 0.09016 0.0169505 -0.04524 -0.0827969 0.00536904 -0.102362 0.0888901 -0.0361823 -0.0308053
0.0300074 -0.0214566 0.0005624 0.0106423 -0.0148324 -0.00446122 -0.0499629 0.0655851 -0.00598526 -0.0369314
0.000532456 -0.00273711 0.000367142 -0.00270651 -0.0101299 0.000108554 0.0163194 0.0226813 -0.00635364 0.00357825
8.72524e-05 0.000741844 0.000163495 0.000986297 0.000108249 0.000910428 0.000291669 0.000312166 0.00107424 0.00077459
0.00115766 0.0043732 -0.00185767 -0.0180564 -0.0324469 0.0624661 0.00023719 0.00185515 0.00212516 -0.00099433
-0.0142667 0.00408642 -0.00196935 -0.0132221 -0.0491361 0.0696328 -0.00715542 0.00260299 0.0157164 0.000477634
-0.0757969 -0.0636258 -0.0529914 -0.0271693 -0.0512185 0.140099 0.00785564 -0.0921094 0.052972 -0.0551928
-0.0854926 -0.0147243 -0.135293 -0.017327 0.0151697 0.0531635 -0.0199325 -0.284147 0.122811 -0.0802056
0.0273594 0.0727705 -0.250818 0.117566 0.12496 0.014502 0.013173 -0.582621 0.0878394 0.0712987
0.0373091 0.185794 -0.268651 -0.087956 0.16182 0.0635506 0.0551537 -0.770333 0.0701393 0.0490757
0.00155644 -0.0337504 -0.0692151 0.00409235 0.129908 -0.195611 0.218551 -0.679681 0.0912045 0.00418361
-0.101156 0.080836 0.0752896 -0.142537 0.0490703 -0.0587974 0.204547 -0.486193 0.0324159 0.0168447
-0.0991739 0.060073 0.0847216 0.156341 0.0540523 0.0691991 0.138469 -0.276279 0.175585 0.0571937
-0.140139 0.0191637 0.0831829 0.0688984 0.0184182 0.109474 -0.272558 -0.283278 -0.0574301 -0.0256582
0.013863 0.00873057 -0.0655038 0.119779 -0.0143902 0.118556 -0.0939339 -0.306926 -0.0598834 0.0649934
0.173502 0.0114888 0.20594 0.0587043 0.229734 -0.149665 0.132989 -0.0261712 -0.219805 0.00810573
0.102644 -0.125511 0.153786 0.189881 0.0791627 -0.696325 0.207789 -0.139763 -0.184941 0.0217193
0.102261 -0.316846 0.231117 -0.153434 0.0219431 -0.0978802 0.442494 -0.130966 0.304174 -0.0369793
-0.0160039 -0.560931 -0.0172204 -0.0972483 0.0743322 -0.0398743 0.334038 -0.016028 0.119471 0.0517989
0.00245938 -0.397738 -0.0900668 -0.19759 -0.0704066 -0.120726 0.102512 -0.193366 0.129642 0.0512994
0.000858715 -0.182856 -0.00114746 -0.118572 -0.0337112 0.292475 0.0692347 -0.00171397 -0.0104345 0.0654693
-0.0616261 -0.100807 -0.107027 -0.0898043 -0.1437 -0.0164069 0.0560339 0.0235629 0.0144634 0.0494518
0.0467779 -0.120737 -0.144652 -0.116754 -0.113675 -0.0184994 0.133045 -0.00397744 -0.104183 -0.0842752
-0.0759686 -0.051978 -0.128038 0.00432183 0.0409921 -0.144381 0.0574152 0.0593329 0.0576541 -0.000141484
0.112717 0.100474 -0.109529 -0.128207 0.0459239 -0.0586197 -0.0664239 -0.0438072 -0.044981 -0.0108021
0.00386886 0.00465564 -0.377151 -0.205364 0.121807 -0.0497428 -0.0694393 -0.185533 -0.0681048 0.0874923
-0.00514108 0.126931 -0.254085 -0.34469 -0.0730089 -0.0685794 -0.042013 -0.114087 -0.184085 0.148561
0.0357436 0.188306 -0.116275 -0.306458 -0.178486 -0.0705 -0.140001 0.128681 -0.240208 0.176618
0.0331081 0.147278 0.0145361 -0.131525 -0.0642665 0.0227409 -0.104735 0.134619 -0.0482108 -0.0148212
0.0207247 -0.00563423 -0.00718768 0.000357645 -0.0127824 -0.00362295 -0.0638419 0.108401 -0.0137492 -0.0208995
0.0032422 0.000420629 -0.00255399 -0.00101301 -0.00195526 0.000730613 0.000884884 0.0212861 -0.00583983 0.00229223
0.000311747 0.000896115 -0.00117362 0.00386606 0.000216498 0.000991974 7.07724e-05 0.000534379 0.000500439 0.00029017
-0.00278165 -0.000909945 0.0185165 0.00144357 -0.0159709 0.042948 0.000964293 -0.00776978 -0.00836803 0.000740654
-0.0100721 -0.0043204 0.0093925 -0.00811028 -0.014562 0.0683899 0.00393289 -0.00818576 -0.0200762 -0.000502816
-0.059302 -0.0785637 -0.0448868 -0.074318 -0.034096 0.182386 0.0118407 -0.0927399 0.0254456 -0.00710421
-0.138127 0.0195347 -0.105977 -0.0209046 -0.0352473 0.0993106 0.0132308 -0.273849 0.221787 -0.103746
-0.205009 0.0434967 -0.170157 0.0792651 0.124159 0.00672451 0.0621102 -0.307764 0.106518 0.00911984
-0.0980459 0.147773 -0.0967791 -0.0457015 0.0257848 -0.027617 0.0656362 -0.0852864 -0.0295145 0.0248817
-0.174651 0.0664737 0.0087579 0.0029078 0.166453 -0.000682361 0.16031 -0.0851798 -0.0750414 0.0411502
-0.158034 0.0354152 0.00755798 0.0321767 0.0480336 0.0897447 0.0307655 -0.0142688 -0.0691715 0.0434756
-0.063455 -0.0294198 -0.0231613 0.0884421 0.277643 -0.0184563 -0.0468005 -0.0583361 0.0558541 0.047905
-0.0626262 -0.0883333 -0.0206562 0.127328 0.140824 0.0616881 -0.195442 -0.0672572 -0.0656849 0.182575
0.0105029 0.137296 -0.0150578 -0.122981 0.17898 0.0224985 0.0403482 -0.027641 -0.298339 0.239497
0.150865 0.126269 0.0440763 -0.0665263 0.208633 -0.603975 0.0646825 -0.0293909 -0.186949 0.1085
0.190491 -0.14784 -0.00232111 0.0256338 0.16431 -0.789563 0.248081 0.0917404 -0.186675 0.034119
0.0124353 -0.607785 -0.0200305 -0.242876 0.068968 -0.0189827 0.429178 0.0183264 0.0979159 0.00501155
-0.0938651 -0.593832 -0.118284 -0.257198 -0.0349895 0.00576246 0.241362 -0.0126122 0.0598636 0.0850303
-0.0973757 -0.371341 -0.146472 -0.333735 0.0238865 -0.0476236 0.24598 -0.0931025 -0.0506397 0.141186
-0.061322 -0.063823 -0.204879 -0.11938 0.174568 0.136419 0.107407 0.0103544 0.0980127 0.0830184
-0.0181782 -0.0882293 -0.0433921 -0.083209 -0.0613403 0.119636 0.127735 0.0664355 0.0194383 -0.0685714
-0.0653722 -0.18544 -0.106698 -0.00717685 -0.142533 0.164144 0.0231109 0.033264 0.0251928 0.0646071
-0.12861 0.0560274 -0.0148346 -0.032744 -0.0467516 0.090761 -0.0651108 -0.00866204 0.0418152 0.116523
-0.0411098 0.0367251 -0.0509805 0.115469 -0.170918 0.0505842 -0.0448963 0.052207 0.188485 -0.00501524
-0.172843 0.0530693 -0.0392611 -0.00452907 -0.173134 0.115279 -0.145824 -0.15518 -0.105248 0.0648032
-0.126153 0.040242 -0.0955528 -0.107599 -0.0133797 0.0970163 -0.136388 0.0249316 -0.176459 0.0898567
-0.111659 0.124852 -0.10802 -0.232939 -0.0475887 0.0333643 -0.145679 0.114393 -0.189077 0.133395
-0.0289808 0.0750289 0.0237469 -0.10704 -0.0471884 0.028449 -0.0782528 0.134276 -0.0885583 -0.00353985
0.0107743 -0.0101472 -0.00815318 -0.0220549 -0.0330718 -0.010412 -0.0519486 0.105864 -0.0376084 -0.0276159
0.00256259 0.000100807 -0.00332749 -0.0016331 -0.00168872 0.00063625 0.000688833 0.0195465 -0.0060364 -0.000906742
0.00172519 0.000794794 -0.0019893 0.000388288 0.000586779 0.000860198 0.000240883 4.26649e-05 0.00563785 0.000156163
-0.00275208 0.000328445 0.0134201 0.00124951 -0.00308599 -0.00040069 0.000561174 -0.00503341 0.000900479 0.000155889
-0.00328278 0.00117008 0.029034 0.00144647 -0.0227413 0.0373423 0.00345643 -0.0327925 -0.025957 0.00918458
-0.0335593 -0.0888636 0.0676493 -0.0165472 -0.0558554 0.0681831 0.00513405 -0.105878 -0.0314632 0.00619221
-0.0975773 0.0843698 0.0232293 -0.0261882 -0.0130568 0.0771271 0.0121567 -0.0351255 0.106284 -0.0588609
-0.179082 0.151442 -0.0167016 -0.11884 0.114726 -0.0716298 0.0292112 0.0529353 -0.00201325 0.0252156
-0.202972 0.150154 -0.0250766 -0.0650119 -0.0255529 -0.128192 0.0727758 0.194243 0.0397333 0.0469799
-0.149019 0.171966 0.0201754 0.102668 0.10754 0.0319244 0.049218 -0.012453 -0.102967 -0.00313683
-0.0974864 0.195909 -0.0429694 -0.185507 0.155114 0.0582759 0.0130485 -0.0602709 -0.043037 0.108801
0.0833913 0.150061 -0.102082 -0.165375 0.157358 0.103691 -0.0870453 0.0141743 -0.115759 0.0782603
-0.00535928 0.129648 -0.0727091 0.200746 0.190909 0.00113818 -0.100882 0.0551783 -0.0868644 0.192151
-0.00618043 0.14013 0.0371829 0.0736035 0.138807 -0.313677 0.0637466 0.0363667 0.0586297 0.245593
0.0983475 -0.0632911 -0.0748646 -0.0220241 0.11796 -0.494015 0.237487 0.091498 -0.116111 -0.0749832
0.0785851 -0.451483 0.0284083 -0.0487397 -0.0917554 -0.0913447 0.361236 -0.0522231 -0.030092 0.0823544
-0.149375 -0.691713 -0.0331181 -0.247315 -0.00354043 0.127146 0.410357 -0.0220228 -0.252092 0.0534732
-0.144592 -0.383321 -0.0530558 -0.196783 -0.114435 0.05508 0.245766 -0.198074 -0.194409 0.047499
0.01814 -0.112057 -0.294663 -0.139698 0.0465642 0.158845 0.0419613 0.0478003 0.152279 0.0949238
-0.103508 0.076544 -0.239979 -0.159931 0.228294 0.353176 0.0555179 -0.109681 0.150606 -0.213457
-0.130036 0.0390746 -0.0849024 -0.151486 -0.0836074 0.260361 0.0519131 0.013917 0.0729081 -0.0298972
-0.0194255 0.0435572 -0.0416289 -0.114244 -0.114263 0.0819511 -0.0352357 -0.127685 -0.129606 0.0965469
-0.0186183 0.0658464 -0.0565097 0.0312743 -0.121031 0.204521 -0.0424425 -0.0697703 -0.0561465 0.0294722
-0.133957 -0.0167702 0.0622134 0.11882 -0.138024 0.17484 -0.0376906 -0.139828 0.131459 0.0535108
-0.169731 0.00928672 0.0185211 0.0247032 -0.158208 0.299275 -0.10798 -0.108891 -0.0113732 0.12858
-0.163171 -0.0082942 0.0696084 0.0239297 -0.0371028 0.133155 -0.160597 -0.105835 -0.154454 0.0759599
-0.161986 -0.0357944 -0.0122279 -0.0652019 0.00162697 0.123316 -0.144281 0.0367753 -0.228316 0.0358701
-0.0621043 0.064486 0.0359772 -0.111188 -0.028964 0.046831 -0.117771 0.111683 -0.106992 -0.0383543
-0.0224216 -0.00893458 0.00398301 -0.0259219 -0.0372834 -0.0197364 -0.056557 0.138085 -0.012161 -0.0693262
-0.00793486 0.000323539 0.0100397 -0.00881363 0.00586046 0.00482511 0.000346294 0.0233611 0.0013041 -0.0137145
0.00171338 3.61034e-05 -0.000608763 -0.00334883 0.000212073 0.00102262 0.000868984 0.000120914 0.00588603 0.000518052
-0.00715438 0.000772271 0.0167114 0.0100085 0.000688589 0.000941221 0.00107781 -0.00754255 -0.00135552 0.000700217
-0.0126339 -0.0173752 0.0432775 0.00949254 -0.0185076 -0.0182031 0.00853702 -0.0458271 -0.00661547 0.0106547
-0.0314043 -0.134679 0.128265 -0.00759278 -0.0524056 -0.0720794 -0.00518481 -0.114223 0.0488327 -0.00692836
-0.114878 0.158386 0.0540507 0.0242965 -0.076914 0.0591608 0.0453903 0.0641032 0.155155 -0.120737
-0.122643 0.17465 0.00569999 -0.0917885 -0.0455412 -0.0946353 0.0492134 0.109585 -0.0408006 0.109411
-0.162626 0.090268 0.00825101 -0.0395653 -0.102164 0.0417391 0.0786051 0.117803 -0.096341 0.122329
-0.0209991 0.150255 -0.148626 -0.214998 0.0105631 0.0776625 0.0148896 -0.0339013 -0.0823617 0.0242969
-0.0421309 0.0676935 -0.118367 -0.232199 -0.105334 -0.139385 -0.0160285 -0.131724 0.00270253 0.0424936
-0.0549365 0.116782 -0.228793 -0.0226821 -0.0923958 -0.114473 0.115617 0.00389228 -0.214004 0.0750197
-0.116472 0.159616 -0.0266846 0.00483117 -0.171744 -0.236743 0.0746793 -0.0546938 -0.0126536 0.263906
0.0536853 0.249291 -0.141121 -0.0251574 0.12067 -0.417977 0.172936 0.0341345 0.0318777 0.150364
-0.0137887 -0.0244619 0.0900041 -0.109802 -0.0316897 -0.314031 0.333484 -0.0444912 0.115912 0.00577302
-0.0661319 -0.688699 0.00959459 -0.126544 -0.036156 0.166708 0.402427 0.143081 -0.25709 0.226819
-0.242221 -0.514873 -0.0993698 -0.353702 0.0634532 0.0338302 0.489105 0.110947 -0.222789 0.105508
-0.122842 -0.135301 -0.207007 -0.243719 0.0530653 0.0333203 -0.0196786 0.108281 -0.0257413 0.0397565
-0.0627998 -0.00325001 -0.235447 -0.0904898 0.267665 0.266053 -0.0271772 0.0764634 0.0512535 0.111865
-0.145439 0.0655713 -0.0194065 -0.13768 -0.00692101 0.2297 -0.0393412 -0.0100344 0.100415 -0.0455706
-0.0751726 -0.206889 0.0662016 -0.0169085 -0.0826043 0.168575 -0.171048 -0.0948793 0.0632572 0.0632488
-0.0248671 0.0238048 -0.0358163 -0.101725 -0.0274937 0.0759037 -0.114495 -0.0126902 -0.00784138 0.120496
-0.0371854 0.130731 -0.0116915 -0.00345182 -0.153561 0.174305 -0.101168 -0.105612 -0.0505526 0.137501
-0.0619485 0.00757207 0.0485578 0.185941 -0.0582197 0.2309 -0.054424 -0.0714041 -0.0423497 -0.0714731
-0.103278 0.00974412 0.149096 -0.0477006 -0.108786 0.191695 -0.123272 0.0799006 -0.193678 0.0143984
-0.0961478 0.106258 0.11895 0.0788597 -0.0465007 0.132692 -0.199221 0.0472959 -0.164583 -0.0677437
-0.136658 0.0348776 -0.00201933 -0.0261876 0.076119 0.0204789 -0.154519 0.0855302 -0.28174 -0.00366326
-0.107197 0.0274673 -0.0257114 -0.0751875 -0.0566343 -0.00859941 -0.115608 0.198262 -0.144856 -0.00703568
-0.0248288 0.00270238 -0.0165527 -0.0295639 -0.0314988 -0.0234829 -0.0454363 0.134559 -0.0233335 -0.0613463
-0.00699874 0.00077979 0.0106219 -0.00838607 0.000839967 -0.00250418 0.000932157 0.0154335 0.00777269 -0.00343971
0.000950255 0.000641285 0.000916959 0.000576434 4.02539e-05 0.000116276 0.000602435 0.00015125 0.000533219 0.000651204
-0.0105715 -0.00490938 0.0154739 0.00990987 0.000621509 -5.23204e-05 0.000541663 -0.0120141 -0.00130876 0.000660695
-0.0122083 -0.0150465 0.0013376 0.0108317 -0.0338211 -0.00448094 0.0025012 -0.0549424 0.000109688 0.00579242
-0.0280585 -0.124317 0.18814 0.0210283 -0.0209299 -0.0628455 -0.0269082 -0.126933 0.0189209 -0.00872423
-0.035287 0.116925 0.0675205 0.0828138 -0.0982197 -0.00436968 -0.0062397 0.202453 0.0541212 -0.078891
-0.0693176 0.0978709 0.00430271 0.0358682 -0.0568568 -0.0442437 -0.0118848 0.0927272 -0.0991956 0.0653998
0.0638402 0.0954893 -0.0275115 0.0775759 -0.0796738 0.0109882 0.0552989 0.06853 -0.0742125 0.164553
-0.156443 0.138472 -0.129978 -0.107986 0.0513979 0.0592617 -0.0435753 0.137767 0.0994191 -0.0473969
-0.157251 -0.0138952 -0.220246 -0.151138 0.0554743 0.00693952 -0.0197182 -0.06699 0.0306995 0.0284838
0.0767371 0.0661055 -0.409413 -0.143641 -0.201355 -0.39045 -0.0127602 -0.0206548 -0.0682709 0.110545
-0.0462845 0.102673 -0.362568 -0.170969 -0.13549 -0.334502 0.0323111 -0.184175 -0.0257292 0.0558749
0.0155378 0.0731391 -0.272853 -0.168215 -0.0556205 -0.420581 0.32187 -0.134465 -0.15618 0.113281
0.00265241 -0.08535 -0.277821 -0.243989 0.00223508 -0.165379 0.243239 0.0996154 -0.111643 -0.00885117
-0.0491256 -0.58377 -0.135342 -0.248358 -0.0164058 0.0716159 0.386316 0.137516 -0.211881 0.0497613
-0.0849194 -0.349887 -0.272002 -0.291982 0.0129302 -0.017277 0.339301 0.185846 -0.175263 0.0826279
-0.0972277 0.034868 -0.256875 -0.103725 0.288606 0.0883829 -0.00891301 0.0610227 0.0529936 0.209503
0.087953 0.0161029 -0.0740783 -0.0657711 -0.0212075 0.155159 0.0175834 0.0414807 -0.0300461 0.0749671
-0.0461158 -0.0549527 0.0590594 -0.0711388 0.0735891 0.00820535 -0.0141802 -0.0344679 -0.186011 0.072242
0.073811 -0.0635933 0.0199779 0.0589158 -0.166268 0.0567246 -0.236201 -0.0163811 -0.0970096 -0.0284932
0.112041 0.0120214 -0.0283334 0.0797171 -0.12499 0.261585 -0.136221 -0.0356778 -0.0150716 0.019886
0.0776475 -0.0351308 -0.0943739 -0.0412287 -0.155707 0.047905 -0.161885 0.0468251 -0.00285894 0.0638343
-0.00981479 0.050668 -0.107284 0.00124427 0.00530777 0.154254 -0.176327 -0.0354955 -0.162869 0.21981
-0.00302305 0.00829679 0.161351 -0.0602458 -0.030815 0.0157237 -0.0648017 -0.0410303 -0.144772 0.123435
0.0363372 0.106109 0.140813 0.0829983 0.0282741 -0.0272694 -0.14168 0.0772417 -0.269281 -0.0178423
-0.156949 0.0234008 -0.0977898 -0.00656163 -0.0296266 -0.113098 -0.123732 0.110206 -0.239607 0.140213
-0.125713 0.0401474 -0.0715566 -0.133322 -0.068222 -0.00332708 -0.108941 0.243059 -0.102806 -0.00380003
-0.031621 -0.00112174 -0.0172513 -0.0339474 0.00031877 -0.00796034 -0.0563539 0.111309 -0.0258366 -0.0307421
-0.0104939 -0.00455891 0.0125832 -0.0200793 0.000600624 -0.0018899 -0.00392385 0.0411718 0.00675208 -0.00941329
-0.000753133 0.000175451 -0.0053483 0.00124175 0.0035169 0.00338391 0.00220746 0.000895613 0.00102219 0.000457198
-0.00740017 -0.00433532 0.00204222 -0.00125232 0.0003296 0.00048334 0.00449413 -0.00366703 0.000432004 7.24204e-05
-0.0360196 -0.0352114 0.0414179 0.0192158 -0.0520758 0.00260071 -0.00538697 -0.0698871 0.0104241 0.00672293
-0.0372666 -0.214912 0.23032 0.0271019 -0.0451962 -0.049945 -0.0429059 -0.0479031 -0.0237959 -0.0429805
-0.0031787 -0.0280721 0.0684801 0.126147 -0.109531 -0.0343981 -0.0884876 0.110802 -0.0618236 -0.0816181
0.13525 -0.0121561 -0.0369896 0.116986 -0.0404455 -0.0810862 -0.121423 0.0201473 -0.0768669 -0.118216
0.0640897 0.0632712 0.00358372 0.0854581 0.125397 0.0818058 -0.156232 0.0823047 -0.169574 0.125497
-0.0270031 0.0231577 -0.0952539 -0.230992 -0.0291826 -0.00571546 -0.140286 0.0778446 -0.0387825 0.111556
-0.118682 0.161293 -0.0369156 -0.123761 0.144229 -0.279717 0.0130032 0.147821 -0.0458167 -0.00621948
-0.0284649 0.0238308 -0.388011 -0.151115 -0.0407532 -0.25111 -0.107998 0.0489877 0.0233452 0.0295334
0.0570349 0.259056 -0.4203 -0.142332 -0.0533493 -0.322138 -0.0757083 -0.204307 0.0673755 0.0959076
-0.047199 0.185896 -0.42051 -0.169654 -0.0316876 -0.117373 0.0841794 0.108305 -0.110596 0.220789
0.0866288 -0.169189 -0.447792 -0.138996 0.012862 0.0876311 0.0394437 0.0998828 -0.0267206 0.158104
-0.12262 -0.313689 -0.417851 -0.147949 0.118627 0.108827 0.144901 0.217571 -0.0717411 0.0562724
-0.0467856 -0.177444 -0.279871 -0.161089 0.105737 0.129855 0.0768098 0.0959497 0.0776891 0.036274
-0.137024 -0.144497 -0.0236741 -0.0129912 0.00958042 0.161782 -0.0461856 0.0250036 0.0200817 0.0677684
0.0298961 -0.0402983 0.0261865 0.0480229 0.0172064 -0.118514 -0.148975 0.0657222 -0.199162 0.0382863
-0.0411305 0.0843066 0.148292 -0.0110302 -0.0612232 -0.040982 -0.178569 -0.0530088 -0.105192 0.010956
-0.0879593 0.0323448 0.0558908 -0.0070123 -0.089454 -0.0414969 -0.243553 0.00843337 -0.026451 0.0131416
0.027086 -0.0596329 0.111716 -0.122682 -0.201151 0.00410394 -0.201853 0.0290571 0.0936423 -0.0804001
-0.0139918 -0.037321 -0.176404 -0.106852 -0.0300232 -0.141012 -0.153952 0.166128 0.0477437 -0.0172518
0.118185 0.0333716 0.0435585 -0.0803826 -0.0540978 0.103452 -0.140285 0.0563168 -0.259287 -0.003592
-0.0026224 0.0803082 0.0799014 -0.00674758 -0.156266 -0.09717 -0.1267 0.109126 -0.221865 0.0996181
0.0623222 0.0777693 0.0435031 0.0590376 -0.0970961 -0.090028 -0.110145 0.100993 -0.236025 -0.0173255
-0.166188 -0.00782554 -0.106083 -0.0516311 -0.0533541 -0.118811 -0.0835795 0.230584 -0.223575 0.0360165
-0.121778 0.0294214 -0.0637397 -0.106222 -0.0536195 -0.0384781 -0.0435226 0.197676 -0.0874192 -0.0259126
-0.0236818 -0.000958418 -0.0122772 -0.0497333 0.0220259 0.000199257 -0.0145775 0.0620088 -0.0332668 -0.0308433
-0.0054623 -0.000663461 0.000441275 -0.0139724 0.00501918 0.00437099 0.00329787 0.0326086 -0.00389429 -0.0117759
0.000823456 0.00099414 0.00089306 0.000803919 0.000877804 0.000848506 -0.000546397 0.000879499 0.00057213 8.47804e-05
-0.00398042 0.0070881 5.23824e-06 -0.000914382 -0.00192208 0.0225887 -0.0145403 0.00249013 -0.015771 -0.00292007
-0.0113124 -0.0477263 0.0348179 0.0465273 -0.0264696 -0.0122638 -0.00661915 -0.0776519 -0.00603774 -0.00211041
-0.0470743 -0.162637 0.12348 0.0325287 -0.0389987 -0.0299969 -0.038574 -0.0779653 -0.0453627 -0.0535366
-0.0670965 0.0380791 0.0659779 0.107949 -0.0829272 -0.125655 -0.124841 0.0812743 -0.132483 -0.190594
0.109501 -0.0467341 0.0473436 0.0383724 -0.17389 -0.125329 -0.164744 0.00838528 -0.144979 -0.188043
0.100421 -0.00672726 -0.0634783 0.0967106 -0.023141 -0.0165146 -0.115139 0.201116 -0.297892 -0.0775091
-0.010188 0.0410586 -0.0550982 -0.024739 -0.104211 -0.0912383 -0.0638033 0.0219313 -0.16594 0.0284795
0.148716 -0.026785 -0.122327 -0.00815031 0.0765435 -0.159283 -0.108925 0.187265 -0.204886 0.014978
0.0916887 0.0949019 -0.041588 0.00400346 0.0628317 -0.208951 -0.115236 0.137386 -0.151994 0.19017
0.0422887 0.0776142 -0.0599643 0.103365 -0.0933251 -0.254226 -0.175296 0.110636 -0.15415 0.302422
-0.0152878 0.20186 -0.120181 0.0242862 -0.145936 -0.106317 -0.0181915 0.146743 -0.141705 0.240989
-0.0441517 0.00980073 -0.195577 0.149636 -0.216842 -0.177442 -0.0800532 0.186967 0.0610435 0.0629064
-0.016897 -0.236493 -0.210412 -0.0659107 -0.128697 0.110997 0.0972651 0.402558 -0.0278585 0.0782654
0.0259367 -0.103016 -0.141803 0.00495665 -0.149641 0.0813448 0.077731 0.198788 -0.124911 0.00890586
0.0829194 -0.0625284 -0.17662 -0.0668493 -0.115318 0.0459258 -0.0965114 0.186429 0.104128 0.0285926
-0.00873577 0.0276431 0.0161167 -0.122766 -0.0471585 -0.202701 -0.10552 -0.078664 -0.169104 0.170931
0.139705 -0.0541524 0.0843208 0.128801 -0.256532 -0.200976 -0.119429 -0.0404379 -0.0252495 0.0833769
-0.0294147 -0.0283874 -0.00472591 0.01686 -0.116077 -0.234738 -0.215235 0.0169984 -0.116745 0.0999584
0.0434394 0.0628302 -0.0609984 -0.0432459 -0.232292 -0.0873044 -0.16613 0.0385696 -0.0408915 0.0622031
-0.0239593 -0.122029 -0.0828041 -0.0128543 -0.149691 -0.1055 -0.159181 0.150885 -0.128238 0.0630713
0.0478087 0.0701495 -0.0256123 0.0671622 -0.154894 -0.250843 -0.167626 0.103207 -0.190337 0.00385387
0.0565459 0.0560358 -0.0243285 0.0199568 -0.171786 -0.279939 -0.144629 0.0502256 -0.176773 0.0731958
0.128022 -0.00296244 -0.00575514 0.0608703 -0.147961 -0.212913 -0.0927266 0.0205806 -0.283922 0.00817862
-0.0993512 0.0172395 -0.156987 -0.0588873 -0.0733346 -0.0998088 -0.0322552 0.181759 -0.192838 0.0188017
-0.0781672 0.0247301 -0.0624256 -0.100096 -0.0325502 -0.0321892 0.0102211 0.0946404 -0.0479728 -0.0189829
-0.00665961 0.0140608 0.0108365 -0.0407139 0.010502 0.000740834 0.00310381 0.0372914 -0.0222343 -0.0379086
-0.000913163 -0.00170468 -0.00226493 -0.00482912 0.00113664 0.000188055 0.00514666 0.0116416 -0.00232243 0.000915251
0.000423292 0.00061391 0.000827631 0.000347087 0.000255531 0.000783532 0.00097821 0.000942473 0.000251778 0.000676016
0.00253008 0.00428625 0.0029033 -0.00020346 -0.00208389 0.0125447 0.00028959 0.00501254 -0.00797908 -0.00355831
-0.00203256 -0.0265069 0.0279651 0.0597811 -0.0217673 -0.0128228 -0.0138499 -0.0129903 -0.0266788 0.0034865
-0.0160127 -0.144814 0.0904201 -0.00609561 0.026197 -0.0460923 -0.0601278 -0.0742505 -0.0344394 -0.0653332
-0.0687972 -0.0547133 0.0814681 0.137526 -0.0523935 -0.148178 -0.170665 0.196694 -0.171077 -0.163614
0.0949378 -0.0214926 0.0119419 0.058113 -0.139369 -0.210279 -0.234268 0.0435013 -0.211928 -0.186232
0.0332491 0.00119827 0.138357 -0.0579344 -0.13394 -0.102087 -0.199964 0.0964701 -0.269587 -0.195649
0.0123896 -0.0177993 0.0855078 0.0754578 -0.283159 -0.220248 -0.157076 -0.0369542 -0.252376 -0.12652
0.104754 0.101396 0.0611223 0.113363 -0.303337 -0.152666 -0.20678 0.0497764 -0.319992 -0.0908901
0.0827299 0.230675 -0.0364855 0.0743504 -0.429527 -0.246316 -0.181266 0.0841892 -0.372737 -0.0390203
0.0172343 0.24553 0.148771 0.000170926 -0.486523 -0.142956 -0.114869 0.0749038 -0.393703 0.0684452
-0.0336099 0.175535 0.00833257 0.0355389 -0.399378 -0.191125 -0.159631 0.0423794 -0.183682 0.177312
0.0811214 0.0301884 0.0333981 0.138321 -0.326821 -0.0932346 -0.110766 0.143543 -0.0760648 0.230942
0.0708991 -0.0522997 -0.0755063 0.159765 -0.290158 0.0874054 -0.0019242 0.231102 -0.108349 0.247729
-0.0418814 -0.0577696 0.0207237 -0.0700641 -0.305664 0.0649065 -0.0675508 0.0880571 -0.0105662 0.143954
0.128825 0.0653771 -0.15855 -0.05976 -0.0530042 0.0546119 -0.00853312 0.117608 -0.0258518 0.2537
0.0642015 -0.0490713 -0.0128188 -0.016084 -0.2332 -0.0766531 0.064223 -0.166091 -0.00352306 0.125463
0.115276 -0.0793656 0.0105267 -0.101106 -0.0477344 -0.209704 -0.0576457 -0.0584844 -0.0540423 0.0631083
-0.0374787 -0.138168 -0.163293 -0.0371191 -0.161846 -0.0525842 -0.0388679 -0.100758 -0.0700646 0.000916056
0.0352056 0.0141843 0.065076 -0.16277 -0.162047 -0.194381 -0.0742065 0.128486 -0.00431871 -0.0853291
-0.0461955 -0.0138049 -0.0324282 0.0837045 -0.150381 -0.299775 -0.135414 0.0385759 -0.0726354 0.0189464
-0.0156476 0.0835674 -0.115859 0.00316822 -0.119406 -0.23178 -0.114384 0.072423 -0.0747238 -0.116475
0.0415624 0.0426486 -0.0441551 -0.0172987 -0.0649566 -0.224057 -0.0869287 0.131372 -0.115244 -0.0681722
0.0415113 -0.0572364 -0.105742 -0.00541347 -0.0789012 -0.161019 -0.090429 0.162023 -0.178504 -0.0579593
-0.142005 -0.0554071 -0.112598 -0.0526163 -0.0184703 -0.0917108 0.00779209 0.218941 -0.08171 -0.0429497
-0.0703384 0.0333638 -0.0317102 -0.0957302 -0.00179931 -0.0326465 0.0110866 0.113635 0.00124634 -0.00946685
-0.00526246 0.0221571 0.023188 -0.0252519 0.00137605 0.00354776 -0.00195732 0.0355145 -0.0139107 -0.0240698
0.00171643 0.000164068 0.00129862 -1.32404e-05 -0.000336757 0.000628346 -0.00296789 0.0007083 0.000451979 0.000531114
0.00037073 0.000208777 0.00100202 0.00057384 0.000158788 0.00053798 0.00334955 0.000759658 0.000469924 0.00023722
0.000465765 -0.00114885 -0.00433264 1.85181e-05 0.000455763 0.000600452 0.00281844 0.00388006 -7.55487e-05 0.000726615
0.0100941 -0.0187348 0.0890558 0.0159847 -0.000590473 -0.0188958 -0.00619884 -0.000450584 -0.0250995 -0.00332863
-0.0209272 -0.0603273 0.0458527 0.0290642 0.0103538 -0.0382867 -0.0799175 -0.00586039 -0.0301683 -0.0336072
-0.0172933 -0.140032 0.122382 0.120196 -0.0723659 -0.103291 -0.19955 0.061019 -0.0819657 -0.143452
0.0342945 0.0555943 -0.0609216 0.0181289 -0.218935 -0.18747 -0.142108 -0.128096 -0.152088 -0.164832
0.135085 0.0830507 0.0358311 -0.203823 -0.398203 -0.181501 -0.191714 0.0308332 -0.205239 -0.219071
0.125449 -0.0617957 -0.0852709 -0.0166152 -0.378821 -0.0562427 -0.2152 0.016701 -0.177053 -0.137187
0.161378 -0.058314 -0.0691702 0.0460169 -0.366866 -0.0408178 -0.122406 0.0399015 -0.163883 -0.0290934
0.137013 0.00065322 0.123459 0.130209 -0.349121 0.0274188 -0.159096 -0.038522 -0.172624 -0.0131151
0.107217 0.217419 0.0700219 0.0459936 -0.307537 -0.214752 -0.196364 -0.0313867 -0.219992 -0.0495009
0.106853 0.169903 -0.0137594 0.0598637 -0.216079 0.0634261 -0.18131 -0.109369 -0.217428 -0.0338555
0.110476 -0.0125516 -0.0781606 -0.0238528 -0.358157 0.0900994 -0.225057 -0.17478 -0.112821 0.182939
0.137249 0.0648392 -0.00847758 -0.0702256 -0.217216 0.0212832 -0.235763 -0.0312295 -0.119268 0.208477
0.0594122 -0.130667 -0.0369086 0.0536947 -0.153832 0.0987945 -0.0075517 -0.0119098 -0.049475 0.0242605
0.184544 -0.0790216 -0.196022 0.015937 -0.0828184 -0.0585924 0.0749283 -0.056447 -0.114421 0.186649
0.0891042 -0.0716574 -0.0232572 0.00137413 -0.14742 0.0127138 -0.0253261 -0.00197697 -0.1235 0.00275343
0.0828052 -0.00926249 -0.00724144 -0.179282 -0.0739238 -0.0991411 -0.094648 -0.0278758 -0.137758 0.106938
-0.106231 -0.0754314 -0.0816731 0.0209026 -0.223022 0.0438769 -0.065341 0.00483832 -0.236155 0.0760918
-0.0182847 -0.0903247 -0.0811171 -0.0917384 -0.0260182 -0.10122 -0.0835793 0.139199 -0.103735 0.104564
-0.0430328 0.0338051 0.135599 -0.053586 -0.0885464 -0.214121 -0.226805 0.0609795 -0.15546 0.177146
-0.0262858 -0.0739338 -0.0101221 0.0768 -0.130589 -0.175674 -0.188773 -0.10648 0.0104087 -0.0679079
0.0364883 -0.086062 -0.281252 0.101205 0.0200799 -0.18164 -0.0881434 0.072793 -0.118585 -0.113962
-0.0242762 -0.0796722 -0.187105 0.0830949 -0.0968952 -0.131535 -0.0730594 0.0732157 -0.0555022 -0.171942
-0.151698 -0.015366 -0.156773 -0.0363658 -0.0021724 -0.0710992 -0.00451702 0.0531131 -0.0010839 -0.102025
-0.0411144 0.0111201 -0.0315297 -0.0194001 -0.0129637 -0.0123892 -0.00900004 0.0214191 0.025906 -0.0361542
-0.00190916 0.0297271 0.0173876 -0.0093469 -0.00930011 -0.000612943 0.00203298 0.0216941 -0.0127406 -0.0315746
0.000965514 0.00191809 0.000182165 0.00187943 0.000310923 0.000782098 0.000565111 0.000202246 0.000105136 0.000134587
0.000820482 0.000231239 0.000362534 0.000579669 0.000766015 0.000182226 0.00299963 0.000119319 0.000285287 0.000635334
0.000156735 0.000821314 -0.000278995 0.00171999 0.000819636 0.000546251 0.00356819 0.000726027 0.00104494 0.00065331
0.0120374 -0.00164699 0.0593969 -0.000986779 -0.00150302 -0.0118737 -0.00482254 -0.00551172 -0.0148885 6.18214e-05
0.0253793 -0.0442451 -0.0117607 0.0233681 0.000842064 -0.0102417 -0.0636373 0.0325492 -0.0368658 -0.0116335
0.0045487 -0.0893469 0.1561 0.0659601 -0.0672022 -0.0804949 -0.160763 0.0314253 0.00950452 -0.0674132
-0.0199388 0.0826084 -0.139455 -0.0679038 -0.193182 -0.130954 -0.0349126 0.0256558 -0.00530592 -0.116107
0.0568974 0.0468805 0.173199 -0.23275 -0.303395 -0.072318 -0.0621351 -0.0220153 -0.0142308 -0.155898
0.10784 -0.00305017 -0.151766 -0.127112 -0.257175 0.0562744 -0.142889 0.106542 -0.0269971 -0.233489
0.196229 -0.0523423 0.0145774 -0.0538993 -0.169726 0.0221942 -0.108899 0.1614 -0.0436478 -0.212651
0.145332 -0.145894 -0.0316694 0.000547919 -0.250891 0.0495476 -0.0498126 0.0933131 -0.0676843 -0.0450339
0.0703109 0.157912 -0.0560449 0.0500293 -0.136833 -0.134843 -0.126758 -0.0687434 -0.00561601 -0.106702
0.082495 0.236999 -0.181936 0.0111838 -0.232142 -0.0641306 -0.141311 0.0299226 -0.0201802 0.143922
0.114316 0.160601 -0.148655 0.029131 -0.119938 -0.0990357 -0.116709 0.167775 -0.0799213 0.135517
0.144159 0.0816775 -0.0580676 -0.087348 -0.13323 -0.11676 -0.0601652 0.0265299 -0.140668 0.132141
0.086838 -0.0317225 -0.0260304 -0.0756522 -0.0476143 -0.0515679 -0.0100263 0.0210229 -0.218648 0.055208
0.184626 -0.0807503 -0.0407675 -0.0672426 -0.0697648 -0.00648759 0.136307 0.0850508 0.0176933 0.00734021
-0.0113391 -0.0825735 -0.124771 0.0339365 -0.164469 -0.0158973 0.00984648 0.064067 0.0234593 0.0931781
-0.038128 -0.0347521 -0.0348209 -0.00679478 -0.0277978 -0.0154616 0.0711677 0.0980557 -0.201173 0.128797
-0.00423273 -0.0272588 -0.0681809 0.0521073 -0.0471595 -0.0635914 0.0775031 0.0448357 -0.133629 -0.0480368
0.0406856 -0.0749451 -0.0620671 -0.0803923 -0.0653024 -0.0922048 -0.0191753 0.112427 -0.0257611 0.0277737
0.00401189 0.107903 0.0456771 0.0374606 -0.0256571 -0.124778 -0.104628 0.0299563 -0.0964822 -0.00444528
-0.052975 -0.0839476 0.000374425 0.0765848 -0.0515074 -0.0984976 -0.153627 0.0384541 0.00175874 -0.102663
0.0851454 -0.0884462 -0.223519 0.0274793 0.0440082 -0.170069 -0.14422 -0.0152777 -0.0986271 -0.0495077
-0.0926086 -0.0118068 -0.173044 0.0256481 -0.00415936 -0.140343 -0.0542942 -0.0476365 0.0507389 -0.131344
-0.0553594 0.00522356 -0.137769 -0.0228998 0.011909 -0.0441401 -0.0185878 -0.0158903 0.0370588 -0.0789276
-0.0279368 0.0254825 -0.0279138 -0.00631383 -0.0138133 -0.0133488 -0.017092 0.0316999 0.005574 -0.0336405
0.0031279 0.0216984 -0.00322401 0.00907655 -0.00887453 -0.00996517 0.00521466 0.012774 -0.0110801 -0.00383847
0.000336436 0.0018074 0.000206793 0.0026301 0.000878231 0.000743583 0.000327555 6.40889e-05 0.000802484 2.74667e-06
0.000877865 0.000158269 9.92767e-05 0.000930876 0.000968047 0.000274026 0.00056386 0.00018952 0.000971068 0.000718802
0.000495041 0.000718772 5.768e-05 0.000508133 0.000762688 0.000659383 5.40483e-05 0.000917997 0.000775689 0.000574297
0.00661629 1.01435e-05 0.0286623 -0.00338591 0.00050856 -0.0229909 0.000228248 0.00684431 -0.0132621 0.000191656
0.0357327 -0.0515621 -0.0118872 0.0588324 -0.00850329 -0.0431556 -0.066079 -0.0291005 -0.0306917 -0.00257521
-0.0823425 -0.0658775 0.0513401 0.0898403 -0.0718854 -0.0324818 -0.0170556 0.140366 0.078482 -0.0194563
-0.0914052 0.0898088 0.0557971 0.0192851 -0.172135 -0.0403881 0.0345977 -0.0345079 0.190091 -0.0301827
-0.0561314 0.0924725 0.0223915 -0.181489 -0.27944 0.0957325 0.0316148 0.050907 0.0237519 -0.0792812
-0.0292926 0.0246737 -0.0129233 -0.0567794 -0.151106 -0.0248017 0.0327661 0.00871359 0.127908 -0.137316
-0.0514954 -0.103961 -0.107561 0.029664 0.0661582 0.096678 0.0844508 0.0858113 0.0524687 -0.267305
-0.104884 -0.0536794 0.0236843 0.0223168 -0.0406381 0.0230745 0.0999448 -0.0307267 0.117748 -0.375117
-0.158199 -0.0661792 -0.0137132 -0.096557 0.0316028 0.0259877 -0.00745112 -0.0473393 0.00794764 -0.37048
-0.0930705 -0.0329568 0.0378643 0.111023 -0.0178739 -0.148746 -0.0274273 0.0463583 -0.096961 -0.377902
0.105165 0.124669 -0.018867 0.0243537 -0.197623 -0.0879089 0.111514 -0.177909 -0.0437301 -0.284838
0.307611 0.139363 -0.148208 -0.0524977 -0.168309 -0.108658 0.102374 -0.18574 -0.219619 -0.36775
0.192504 0.00629478 -0.0975019 0.0371608 -0.248535 -0.0639433 0.0931338 -0.0824222 -0.123468 -0.299581
0.184028 0.0111342 -0.00855228 0.0375712 -0.1365 0.0262489 0.0832502 -0.045941 -0.0710393 -0.229402
-0.050772 -0.0392266 -0.158872 0.028889 -0.12593 -0.0465532 0.0614758 0.074329 -0.111682 -0.10833
-0.065751 -0.0111469 0.0627737 0.049922 -0.0545992 0.0526654 0.0431252 0.017509 -0.224571 -0.106498
0.0639564 -0.102576 -0.0725515 0.00206928 -0.129172 0.103091 0.129712 0.214014 -0.0786368 -0.150965
-0.00543607 -0.10626 0.122804 0.0379295 -0.0379076 0.146683 0.0359927 0.14087 -0.139007 -0.0570905
0.0366309 -0.135792 -0.0594466 0.0559034 0.0534878 0.0208068 -0.118228 0.0304368 -0.0491219 -0.0146489
0.108864 -0.0676543 -0.0756953 0.0569448 0.0255448 -0.0874019 -0.102574 0.0939502 -0.128634 0.00340797
0.0466543 -0.0675931 -0.118461 0.016533 -0.032452 -0.01402 -0.0692773 -0.0241319 -0.0167356 0.0672361
0.0034199 -0.0304721 -0.0729205 0.0358657 0.0553847 -0.107114 -0.0456335 -0.0799499 0.139452 -0.0641474
-0.00807904 -0.00955684 -0.0369899 -0.00763646 0.0318794 -0.0195272 -0.0083377 -0.0363097 0.0760987 -0.0540809
-0.0154574 0.0129137 -0.00963363 -0.003514 0.00325155 0.000486293 0.0023418 0.054124 -0.0258697 -0.0195213
0.00136796 0.00161368 0.00687013 -0.00122216 0.000812177 -0.00955377 0.0111298 0.00618785 -0.00470937 -0.00618169
0.000460555 0.000399884 0.000455245 0.000471297 0.000969848 5.44145e-05 0.000899442 5.01114e-05 9.50957e-05 0.000306284
0.000622242 0.000362468 0.000967589 0.00050441 0.000848842 0.000417096 8.81985e-06 0.000540849 0.000932829 0.000563707
0.000437666 0.000454878 0.000168981 0.000180181 0.000833888 0.000867214 0.000115635 0.000830439 0.000289499 0.000650472
0.00136263 -0.000435543 0.0157105 -0.000465952 0.000943937 -0.00472799 8.3346e-05 -0.00268689 -0.00873232 3.1312e-05
0.0285998 -0.0143619 0.0600026 0.0341713 -0.00307956 -0.0290453 -0.0515823 -0.0329978 -0.0226988 -0.00128072
-0.068687 -0.0678394 0.0340191 0.0695888 0.00542054 0.0081479 -0.0470647 -0.0632541 0.142797 -0.0107184
-0.0904496 -0.0212569 0.115205 0.108259 -0.0917329 -0.00106049 0.0108837 -0.0538984 0.175646 -0.0179479
-0.0902171 -0.0303057 0.0699019 0.135579 -0.118215 0.115694 0.042017 -0.0545493 0.166656 -0.0284714
-0.0690195 -0.0733783 0.110012 0.00515645 0.00672949 0.112356 0.00507521 -0.173492 0.193041 -0.0623762
0.00153307 -0.0136737 0.139874 0.106064 0.0525788 -0.0141822 -0.129276 -0.0568869 0.12063 -0.0982231
0.0186889 0.0575671 0.0409307 -0.0229189 0.0234949 -0.0212642 -0.140326 -0.06322 0.107262 -0.107588
-0.0698991 0.00403715 -0.0294063 -0.0100379 -0.0526833 -0.02392 -0.0530665 -0.186316 -0.101929 -0.126513
-0.143506 0.0549413 -0.0317277 -0.0315706 -0.0512098 -0.0838959 -0.1671 -0.132718 -0.117569 -0.18594
-0.0198806 -0.038885 -0.0693809 -0.000982162 -0.186625 -0.239043 -0.0537461 -0.163919 -0.079519 -0.280003
0.0214455 0.0258703 -0.0369069 -0.115969 -0.176641 -0.0634882 0.0288127 -0.149958 -0.169964 -0.238396
-0.0694709 0.0261013 -0.100844 0.000657491 -0.250912 0.00973385 0.0290123 -0.0452822 -0.122881 -0.273118
-0.0409713 -0.119388 -0.0838975 0.145846 -0.202946 -0.013237 -0.079641 -0.106287 -0.180205 -0.240569
0.0803762 -0.111502 0.00617428 0.0663805 -0.203909 -0.051645 -0.112448 0.0169279 -0.183616 -0.133674
-0.0541375 -0.089295 -0.0147591 -0.0223038 -0.0157589 0.0556307 -0.0412797 0.000794332 0.00466302 -0.124782
-0.0768383 -0.111463 0.0438555 0.0184161 -0.0968327 0.103331 0.0465921 -0.0113351 -0.0167143 -0.0968047
0.10451 -0.096726 -0.112531 -0.0100899 -0.0365624 0.0755279 0.0380493 -0.0292923 -0.11058 -0.0390711
0.0636133 -0.161298 -0.187765 0.0528614 0.0184004 -0.0363224 -0.0115636 -0.151611 0.0643427 -0.101724
0.0662939 -0.107927 -0.158773 0.00212787 0.0859473 -0.140619 0.0140058 -0.12027 -0.00683829 -0.0451753
0.0330155 -0.0463756 -0.121553 -0.00562925 0.00271188 -0.0080481 0.00223663 -0.144979 0.122942 0.013174
0.0157727 -0.0356319 -0.0229303 -0.0176832 0.0841906 -0.05056 0.00504669 -0.0804627 0.0577179 0.0118381
-0.0190466 -0.0039705 -0.00394216 0.00107267 0.0628363 -0.0245587 0.00568932 -0.0313312 0.026101 -0.0303825
-0.00657817 0.00608057 0.00118126 -0.00678641 0.00804546 0.00115146 0.00283394 0.0206581 -0.0249742 -0.00470498
-0.00144858 0.000185614 0.000891385 -0.00105022 -0.00390958 0.000248115 0.000723906 0.0277869 -0.0106145 0.00144057
0.0002266 0.000737968 0.00048146 0.000423566 0.000563463 0.000293558 8.85037e-06 0.000581256 0.000903958 0.000731712
0.000614399 0.000108188 0.000981964 0.000452834 0.000790735 0.000944823 0.000220832 0.000952879 0.000251625 0.000844935
0.000174047 0.000626789 0.000146825 0.000855892 0.000709769 0.000339305 0.000974303 0.000706931 0.000470901 0.000169836
0.00134046 0.000761803 0.0124395 0.000237159 0.00543456 -0.00661852 0.000553758 -0.00161987 -0.0101489 0.000528916
-0.0132718 -0.00220652 0.00604181 0.0141455 -0.000823822 -0.000763639 0.00284169 0.00409779 -0.00590323 0.000797998
-0.0651128 -0.0120109 0.020035 0.0252577 0.0026443 0.0250402 0.000314475 0.0299759 0.0373633 -0.00513454
-0.0649924 -0.0235714 0.0439057 0.0397678 -0.0356187 0.0326022 0.0305968 0.095225 0.116448 -0.00849604
-0.130021 -0.0822599 0.118229 0.0866448 -0.0436833 0.186085 0.0458439 0.130741 0.0218998 0.008808
-0.0848178 -0.134321 0.100968 0.0719578 0.126996 0.150273 0.0436189 0.124715 0.00113371 -0.0173931
-0.103243 -0.192756 0.194195 0.0429092 0.0567057 0.130544 -0.0476805 0.244245 0.00504596 -0.0376871
-0.0916185 -0.173619 0.0777495 -0.00596639 -0.0410555 0.133003 -0.158859 0.088383 0.027971 -0.0959273
-0.108388 -0.208484 0.0388459 0.0734417 -0.0753619 -0.00555198 -0.192463 0.103448 0.0711337 -0.0929932
-0.10458 -0.244296 0.0429779 0.0380729 -0.124476 -0.069 -0.21065 0.258861 0.0538618 -0.129369
0.00901126 -0.230052 0.0151471 0.0884747 -0.112738 -0.049896 -0.112954 0.235181 0.123794 -0.214124
0.00271021 -0.253299 0.0676236 0.0528977 -0.161307 -0.241313 -0.079632 0.193221 0.136202 -0.215555
-0.0596387 -0.219223 -0.00447854 0.119962 -0.0946492 -0.0627869 -0.0582093 0.0705884 0.148466 -0.146645
-0.00269076 -0.228992 -0.0321891 0.039742 -0.0271462 -0.0911853 -0.0162341 0.100069 0.126382 -0.0788449
-0.0112482 -0.211123 -0.0754168 -0.0199059 -0.104995 0.00546945 -0.0432581 0.00552675 0.0312011 -0.0685711
0.0320172 -0.125097 -0.125938 0.0019384 0.0984553 -0.155804 0.00367674 -0.0510221 0.153798 -0.0270068
0.0990651 -0.075566 -0.1444 0.030281 0.149418 -0.294832 0.0437437 -0.12412 0.0538264 -0.066906
0.0355899 -0.0216129 -0.0823676 0.00696476 -0.0440654 -0.15036 0.0149777 -0.135695 0.132166 -0.0541331
0.046108 -0.0276574 -0.0667992 -0.0255805 0.0345787 -0.26249 -0.0132096 -0.221773 0.206611 -0.0344813
0.0184283 -0.0395728 -0.0741076 -0.0198527 0.0616882 -0.24096 0.0180859 -0.153159 0.184894 -0.00486281
0.0185673 -0.0311733 -0.0799751 0.00699147 0.052905 -0.0739992 0.0129114 -0.163436 0.0846065 0.0554405
0.0145944 -0.0283484 -0.0210557 0.0134622 0.0596359 -0.0102541 0.0141752 -0.102332 0.003037 0.0233202
0.00661332 -0.011845 -0.0118406 0.000671221 0.0525162 -0.00799179 0.00578392 -0.00845314 -0.0151376 -0.0145861
-0.00339066 0.000869381 0.000136448 0.000258095 -0.00152808 0.000772881 0.000254189 0.0272435 -0.00419396 0.00010007
-0.00142322 0.000428724 0.000968902 0.000734245 -0.00359027 0.000211463 0.000760491 0.0271537 -0.0114256 0.000193365
0.000775964 0.000529466 0.000362438 0.000291635 0.000594317 0.000791925 0.000252815 9.70489e-05 0.000218879 0.000383587
0.000317881 0.000672597 0.000307016 0.000293924 0.000205054 0.000728751 0.000268807 0.000168249 0.000851924 0.000332133
0.000766137 0.000935362 0.000228492 0.000803644 0.000643605 0.000140019 0.000964415 0.000962065 0.000822138 0.00038728
0.000641743 0.000369945 0.000186773 0.000803674 3.56761e-05 0.000737571 0.000999969 0.000922666 8.3224e-05 0.000141148
0.000534483 0.000900266 -0.00330363 0.000212073 0.00506905 0.000466689 -0.000122479 0.00198275 0.00234696 0.000355347
0.000848024 0.00309303 0.00713086 -5.24527e-05 0.00731521 0.0013182 -0.0267141 0.0560358 -0.0132974 -7.13581e-05
-0.0197728 -0.00507694 0.0104394 -0.00191318 -0.0071084 -0.0701081 -0.0185633 0.0698652 0.0244845 -0.00205974
-0.0727766 -0.0117986 0.00297273 -0.0203005 -0.0398359 -0.0453328 -0.00568481 0.0494577 0.0474737 -0.00192601
-0.0773219 -0.010063 0.00962961 -0.0193863 -0.0476734 -0.112337 -0.0147371 0.0869446 0.0211356 -0.0483297
-0.13936 -0.0492301 0.012182 -0.0620956 -0.104563 -0.106876 -0.0130985 0.0295589 0.13603 -0.0666107
-0.192608 -0.0711872 -0.0204817 -0.0804103 -0.100527 -0.186463 -0.0499468 0.024873 0.184075 -0.0829913
-0.194837 -0.0829619 -0.0241327 -0.0548953 -0.0998372 -0.299236 -0.051211 0.139353 0.117437 -0.0547589
-0.217782 -0.0558897 -0.0602982 -0.0864938 -0.111381 -0.330582 -0.0196303 0.131233 0.14082 -0.0876451
-0.164786 -0.0441919 -0.162074 -0.0118863 -0.0404541 -0.259656 0.0110726 0.109535 0.170714 -0.0871211
-0.140999 -0.0633947 -0.182667 0.000415189 -0.11783 -0.18371 0.0361689 0.110379 0.285336 -0.0875934
-0.133711 -0.0619683 -0.141422 -0.00613354 -0.162885 -0.216313 0.0127899 0.117025 0.3002 -0.0937781
-0.154313 -0.0676091 -0.150786 -0.0432063 -0.142728 -0.214175 0.00619072 0.138922 0.31004 -0.166673
-0.116789 -0.0412238 -0.100277 -0.0266999 -0.0900542 -0.0268472 0.00742747 0.0348051 0.14342 -0.155329
-0.071374 -0.0194703 -0.0648721 -0.00869173 -0.0263687 -0.135655 0.0205756 -0.0324039 0.123933 -0.106678
-0.0417624 -0.0249578 -0.0540628 -0.038921 0.00920106 -0.0903788 0.024866 -0.036562 0.160668 -0.0844613
-0.00476549 -0.00531311 -0.0174639 -0.0120705 -0.0637497 -0.0266018 0.00646847 -0.0482729 0.144207 -0.0415007
0.00356963 -0.0193184 -0.0469449 0.0137679 -0.0372321 -0.081919 -0.000500859 -0.0277051 0.155203 -0.0203908
-0.00386792 -0.0302705 -0.0468715 0.0150875 -0.0201153 -0.134076 -0.00244289 -0.00648047 0.155126 0.00181139
-0.00563315 -0.00908319 -0.0263561 0.0191276 -0.0593011 -0.0104781 0.00129846 -0.00897663 0.0221399 0.011704
-0.00553721 -0.00420803 0.00224397 0.0113815 -0.0124451 0.00930751 0.00116568 -0.00349058 0.0183567 -0.018351
0.000758599 0.000815771 0.000481338 0.000463027 0.00390862 0.00106914 0.000228523 0.000185553 0.00948446 -0.0185557
0.000512284 0.000655324 0.000935698 0.000854305 0.000654775 0.000500167 0.000353435 0.00251678 0.00247154 0.000963042
0.000818476 0.000651357 0.000337565 7.73339e-05 0.000903562 0.000465438 0.000626606 0.000197851 3.43028e-05 0.000231056
0.000951811 6.91244e-05 0.000741203 0.000564348 0.00034199 0.000472365 0.000577563 0.000614338 0.000422987 0.000811945
0.000985076 0.000591723 0.000455702 0.000125767 0.000887509 0.000112278 0.000931181 0.000425855 0.000294412 0.000511032
0.000253029 0.000774865 0.000695944 0.000783197 0.00053975 5.67644e-06 0.000529435 0.00030839 7.65709e-05 0.000489547
0.000500076 1.45268e-05 0.000449568 0.000859249 3.61034e-05 0.000136967 0.000892514 9.37834e-05 0.000659963 0.000230049
0.000877621 0.000870663 0.000556719 0.000586596 0.000482131 0.00059151 0.000121189 0.000721854 0.000561052 0.000988586
0.000700477 0.00060879 0.000258187 0.000716971 0.000762627 0.000824118 0.00193035 0.000384662 0.00754295 0.00038374
0.000638837 0.00115805 0.00035553 0.000937748 0.00063272 0.0015138 0.00122566 -0.000378394 0.00874359 0.000621162
-0.000153984 -0.00218291 -0.000498663 -0.00150755 -0.00501335 -0.0123637 0.00059748 0.00195982 0.0180419 -0.0172862
0.00428009 0.00277314 -0.000733226 -0.000791235 0.00136566 -0.0218003 -0.000744135 0.00273768 -0.00265607 -0.0173881
-0.00657602 -0.00174658 -0.00325749 -0.00334624 -0.0283929 0.00258003 -0.0114617 0.00273733 0.0147103 -0.0229716
-0.0108029 -0.00096267 -0.0109833 0.0011577 -0.0233991 0.0227842 -0.0112085 0.000956034 0.0270357 -0.0228286
-0.0259157 -0.0034906 -0.00682338 0.00130775 -0.0232014 0.00795045 -0.00960087 0.00349189 0.0256964 -0.018123
-0.0462902 -0.00769553 -0.00487692 -0.00809299 -0.0278723 0.00339255 -0.00114334 -0.00305356 0.0779195 -0.0323078
-0.0340784 -0.00935682 0.00804238 -0.00611829 -0.0441597 -0.024987 -0.00546002 0.00889388 0.0790334 -0.032824
-0.0397674 -0.0129185 0.00746465 -0.0186838 -0.045151 -0.00217202 0.000890566 -0.00418994 0.0287634 -0.0378128
-0.0377269 -0.0119474 0.013119 -0.0244246 -0.0584652 -0.0639395 0.00148338 -0.00551616 0.0255399 -0.0209788
-0.019148 -0.00534009 0.0145252 -0.0158861 -0.0408766 -0.000889465 0.0161591 0.0172089 0.000656806 -0.0126819
-0.00196756 -0.00726499 0.00777476 -0.014997 -0.0504696 0.0259001 0.00413419 0.0176926 0.0280208 0.00423488
-0.011514 -0.00827522 -0.00350098 -0.0107938 -0.060004 0.0807519 0.0014554 0.019804 0.0257277 -0.000127011
-0.0122932 -0.00378543 0.00119593 -0.0150302 -0.017886 0.0405705 0.00481695 -0.000735524 0.0128367 -0.0103013
-0.0112646 -0.0101903 0.00254624 -0.00806458 -0.00338968 0.00753214 0.00521791 0.000185522 0.0250682 -0.00591508
-0.00601521 -0.0125209 -0.00238329 -0.00604472 -0.00517262 -0.0217556 0.00176593 -0.00239171 0.0108845 -0.00146454
-0.0154654 -0.020155 -0.0191087 0.000607898 -0.0134216 -0.0391039 0.000784478 -0.00234233 0.0348241 -0.00113155
-0.00857145 -0.00748644 -0.0160445 0.000932615 -0.0151063 -0.00588052 0.000349803 -0.00251751 0.0113279 -0.000811839
-0.00794782 -0.00529351 0.000495102 0.000303323 -0.00928822 0.0117597 0.000524277 0.00092172 0.0106453 0.000366466
0.000940184 0.000268807 0.000601917 0.000740806 0.000123936 0.00043202 6.4272e-05 0.000210242 6.89718e-06 0.000324992
0.000511887 0.000232368 0.000613636 0.00018305 0.000811182 0.000989319 0.000552232 0.000217444 0.000721671 0.000523392
0.000233375 8.35292e-05 0.000115635 0.000202551 9.87274e-05 0.000319895 0.00028605 0.000922025 0.000640858 0.000414411
0.000373241 0.000948729 0.000494827 0.000653523 0.000442213 0.00081457 0.000383984 0.00041084 0.000241707 0.000164556
-0.0668074 -0.101025 -0.0650354 0.224726 -0.321042 0.105874 -0.0105132 -0.187388 0.102359 -0.174755
0.237832 -0.137841 0.0368285 -0.121562 -0.119398 -0.115929 -0.0348058 -0.0677215 -0.287574 -0.162116
-0.057286 -0.0276171 -0.0819671 -0.421312 -0.196277 -0.0285973 -0.39722 -0.0436119 -0.253856 -0.019429
0.218881 -0.0199824 -0.111844 -0.0953066 -0.0582607 -0.187655 -0.000890077 -0.131111 -0.151961 -0.0551918
-0.061874 -0.183652 0.0251573 -0.0325302 -0.126526 0.00596555 -0.189426 -0.436996 -0.212309 0.087642
0.00960085 -0.577502 -0.195496 -0.247369 -0.0172856 0.0179176 -0.0462435 0.125612 -0.327719 -0.189341
-0.0668524 0.116588 -0.12829 -0.361505 -0.0088758 -0.142341 -0.311074 -0.330124 0.124869 0.0269842
-0.213781 -0.393045 0.260851 -0.304345 -0.576328 -0.228461 -0.174718 0.0173033 -0.222842 -0.842474
-0.154452 -0.483949 -0.286173 -0.0471736 -0.449841 -0.357494 -0.133577 0.0582032 -0.0339401 0.213584
-0.0885614 -0.205883 0.0121625 -0.180943 -0.0153997 -0.0656538 0.31503 -0.324201 -0.0890766 -0.506177










